66.6198561804884	0.460004821583041	-0.557626206321459	1.34918489172566e-08	1.64487305114266e-09	-1.62422807259732e-09
67.4745651061793	0.480609893160818	-0.394704104107888	1.54483418249839e-08	1.9475786893412e-09	-1.87343722787969e-09
68.3516095965019	0.407824405046895	-0.3964345971618	1.51726733085837e-08	2.0925991712198e-09	-2.60139269256433e-09
69.2248183444197	0.420563659467476	-0.465384342870934	1.35236294775497e-08	1.83293582735539e-09	-2.18426119419696e-09
69.9444833637017	0.3289326358138	-0.2991013598145	1.92269016519078e-08	2.53300082906862e-09	-2.8203026693395e-09
70.6250412879424	0.379604672491638	-0.35162528842686	1.66576634014011e-08	2.05558444472319e-09	-2.02010487764465e-09
71.3721498611134	0.287221114483955	-0.367503900679438	1.87186506489927e-08	2.29525189265476e-09	-2.27071351445822e-09
71.9320719369642	0.284168068631971	-0.272700961366837	2.18529110947794e-08	2.67938145569525e-09	-2.65079700523275e-09
72.502836810524	0.268536180187226	-0.286596804927768	2.18492783877496e-08	2.67516631184456e-09	-2.65032906203211e-09
73.1000133977991	0.340300613877744	-0.32864040708786	1.80125036114649e-08	2.20785344062507e-09	-2.18533273362716e-09
73.796392187691	0.343010814674102	-0.356078176014194	1.72652022199869e-08	2.10644940182628e-09	-2.09456359572189e-09
74.440528068442	0.250438912118256	-0.301125066076949	2.17149376418508e-08	2.68700331135969e-09	-2.63470112127711e-09
75.1911734314754	0.511217537324228	-0.500206450915073	1.94974684695082e-08	1.91505814831971e-09	-1.84284066481148e-09
80.815	0.317	-0.292	1.795309404e-08	2.336395684e-09	-2.298487138e-09
81.452	0.384	-0.32	1.580123846e-08	2.009831214e-09	-1.97638685e-09
82.253	0.280	-0.417	1.538757182e-08	2.040883906e-09	-2.017251844e-09
82.935	0.378	-0.402	1.441469976e-08	1.812283556e-09	-1.78358894e-09
83.645	0.328	-0.332	1.701838522e-08	2.144077198e-09	-2.106511876e-09
84.294	0.333	-0.322	1.730972156e-08	2.1688261e-09	-2.120040168e-09
84.946	0.269	-0.318	1.896584092e-08	2.46541068e-09	-2.382616516e-09
85.454	0.268	-0.239	2.155428106e-08	2.861583338e-09	-2.770911366e-09
85.992	0.232	-0.27	2.367492414e-08	3.017250404e-09	-2.89825655e-09
86.491	0.238	-0.267	2.183435366e-08	2.889714086e-09	-2.776571838e-09
87.094	0.295	-0.365	1.686622712e-08	2.195808228e-09	-2.117688902e-09
87.732	0.345	-0.343	1.57322577e-08	2.087650446e-09	-2.040960178e-09
88.356	0.238	-0.278	2.157728978e-08	2.83546608e-09	-2.71402335e-09
88.846	0.265	-0.252	2.15030744e-08	2.791075776e-09	-2.698501998e-09
89.377	0.243	-0.266	2.287594316e-08	2.890997998e-09	-2.803778242e-09
89.912	0.316	-0.292	1.829661314e-08	2.344041044e-09	-2.292044878e-09
90.603	0.296	-0.375	1.644816122e-08	2.10460099e-09	-2.082786744e-09
91.252	0.289	-0.353	1.727032798e-08	2.180180186e-09	-2.137798378e-09
91.783	0.274	-0.242	2.234147166e-08	2.783645612e-09	-2.74294088e-09
92.318	0.303	-0.261	1.96076698e-08	2.45591981e-09	-2.426056144e-09
92.958	0.341	-0.337	1.63141268e-08	2.038377826e-09	-2.018619746e-09
93.609	0.273	-0.31	1.911900236e-08	2.360294698e-09	-2.339015264e-09
94.140	0.301	-0.257	1.908821208e-08	2.505186074e-09	-2.475663816e-09
94.785	0.364	-0.344	1.50595659e-08	1.98572109e-09	-1.953964244e-09
95.556	0.310	-0.407	1.487270404e-08	1.983055202e-09	-1.931128044e-09
96.143	0.366	-0.277	1.721813614e-08	2.21213997e-09	-2.132892e-09
96.792	0.380	-0.284	1.636662736e-08	2.131077362e-09	-2.076142454e-09
97.502	0.364	-0.329	1.603529816e-08	2.048862956e-09	-1.995269164e-09
98.212	0.279	-0.346	1.67600456e-08	2.304981154e-09	-2.226446418e-09
98.744	0.275	-0.254	2.074164376e-08	2.719816844e-09	-2.597092018e-09
99.348	0.391	-0.329	1.479925592e-08	1.973468084e-09	-1.92156635e-09
100.159	0.391	-0.42	1.326597988e-08	1.752940308e-09	-1.702129082e-09
100.859	0.351	-0.309	1.675365328e-08	2.144489884e-09	-2.075902288e-09
101.549	0.334	-0.338	1.645160708e-08	2.095052916e-09	-2.039412946e-09
102.300	0.437	-0.417	1.286704554e-08	1.687730018e-09	-1.611068032e-09
103.203	0.474	-0.465	1.169730092e-08	1.541183812e-09	-1.464192222e-09
104.125	0.475	-0.448	1.19003388e-08	1.53098561e-09	-1.491237002e-09
104.986	0.420	-0.386	1.363438272e-08	1.746368658e-09	-1.708977218e-09
105.860	0.455	-0.454	1.21954615e-08	1.549546038e-09	-1.511504924e-09
106.772	0.452	-0.457	1.186879942e-08	1.588798424e-09	-1.521149246e-09
107.777	0.486	-0.553	1.057564398e-08	1.38804144e-09	-1.324110068e-09
108.695	0.491	-0.432	1.168586012e-08	1.566062104e-09	-1.497588916e-09
109.650	0.436	-0.464	1.220606694e-08	1.618533154e-09	-1.527356788e-09
110.494	0.347	-0.407	1.456685786e-08	1.92128033e-09	-1.823273534e-09
111.264	0.392	-0.423	1.324201776e-08	1.789016964e-09	-1.696209376e-09
112.081	0.322	-0.425	1.496613724e-08	1.975774858e-09	-1.829030708e-09
112.801	0.369	-0.398	1.385650222e-08	1.898751488e-09	-1.795588614e-09
113.597	0.313	-0.427	1.488803108e-08	1.965208462e-09	-1.841114372e-09
114.296	0.367	-0.386	1.464144098e-08	1.938333024e-09	-1.810421248e-09
115.081	0.428	-0.418	1.3010959e-08	1.712491632e-09	-1.609179846e-09
115.842	0.271	-0.332	1.777997022e-08	2.359838428e-09	-2.280308978e-09
116.404	0.252	-0.291	2.03056267e-08	2.591755702e-09	-2.517054996e-09
116.980	0.339	-0.325	1.645560682e-08	2.130073114e-09	-2.062679084e-09
117.548	0.285	-0.229	2.085604268e-08	2.768561916e-09	-2.67477959e-09
118.132	0.258	-0.299	1.978700434e-08	2.53798258e-09	-2.45149558e-09
118.679	0.293	-0.289	1.80947602e-08	2.451012978e-09	-2.376264148e-09
119.204	0.278	-0.233	2.145879578e-08	2.785758982e-09	-2.738760902e-09
119.734	0.254	-0.252	2.443412564e-08	2.943289718e-09	-2.860048364e-09
120.223	0.266	-0.235	2.269667672e-08	2.970906084e-09	-2.817391886e-09
120.786	0.293	-0.296	1.80427318e-08	2.46403733e-09	-2.338436868e-09
121.424	0.264	-0.346	1.773377572e-08	2.322245866e-09	-2.248304248e-09
122.001	0.250	-0.313	1.907471012e-08	2.497816746e-09	-2.447008244e-09
122.513	0.243	-0.263	2.601624754e-08	3.047610746e-09	-2.982733692e-09
123.010	0.248	-0.254	2.148353878e-08	2.830369476e-09	-2.754821606e-09
123.506	0.255	-0.249	2.230776216e-08	2.894064768e-09	-2.772429996e-09
123.995	0.280	-0.234	2.24379285e-08	2.910563582e-09	-2.78698342e-09
124.537	0.261	-0.262	2.134218588e-08	2.760454838e-09	-2.642269104e-09
125.106	0.281	-0.308	1.86181541e-08	2.410075344e-09	-2.358936784e-09
125.680	0.274	-0.293	1.861646068e-08	2.505400816e-09	-2.472784548e-09
126.312	0.228	-0.357	1.907178182e-08	2.438723198e-09	-2.363318792e-09
126.835	0.255	-0.295	1.97629151e-08	2.663671572e-09	-2.531810904e-09
127.394	0.235	-0.304	2.083556728e-08	2.703124626e-09	-2.588782002e-09
127.964	0.300	-0.335	1.72622377e-08	2.240752866e-09	-2.189306948e-09
128.606	0.229	-0.342	1.93725886e-08	2.49805555e-09	-2.429144252e-09
129.181	0.419	-0.346	1.36805863e-08	1.91201873e-09	-1.838514768e-09
129.846	0.317	-0.246	1.967914756e-08	2.586068898e-09	-2.463703186e-09
130.453	0.347	-0.29	1.705769708e-08	2.252227716e-09	-2.188818898e-09
131.086	0.306	-0.286	1.850705576e-08	2.404964212e-09	-2.34673508e-09
131.715	0.328	-0.323	1.668510836e-08	2.171816598e-09	-2.139353328e-09
132.371	0.287	-0.329	1.824594674e-08	2.333248102e-09	-2.269083828e-09
133.022	0.339	-0.364	1.545979414e-08	2.064187726e-09	-1.981754492e-09
133.616	0.254	-0.255	2.286088852e-08	2.954888056e-09	-2.764704278e-09
134.260	0.414	-0.39	1.32091981e-08	1.821809384e-09	-1.711222702e-09
135.039	0.396	-0.365	1.45955098e-08	1.907607666e-09	-1.784125568e-09
135.841	0.410	-0.405	1.32775932e-08	1.767434712e-09	-1.681422142e-09
136.683	0.409	-0.433	1.262272998e-08	1.711072882e-09	-1.636675902e-09
137.478	0.422	-0.386	1.375950058e-08	1.817268476e-09	-1.681512034e-09
138.368	0.478	-0.469	1.143055322e-08	1.547794052e-09	-1.446368636e-09
139.253	0.433	-0.406	1.300090744e-08	1.69707016e-09	-1.628405838e-09
140.251	0.493	-0.565	1.031334548e-08	1.34985323e-09	-1.291371674e-09
141.254	0.463	-0.51	1.142012484e-08	1.429025382e-09	-1.398806688e-09
142.212	0.402	-0.495	1.195595834e-08	1.551629444e-09	-1.5325678e-09
143.172	0.515	-0.558	9.99304394e-09	1.29855577e-09	-1.281073592e-09
144.279	0.523	-0.592	9.75230136e-09	1.233081252e-09	-1.221000766e-09
145.351	0.429	-0.548	8.79426148e-09	1.079064476e-09	-1.081324942e-09
146.058	0.253	-0.279	9.72991462e-09	1.203933998e-09	-1.224732192e-09
146.630	0.322	-0.319	8.00303936e-09	1.003009488e-09	-1.019626796e-09
147.218	0.243	-0.266	1.02705923e-08	1.25476293e-09	-1.277115166e-09
147.720	0.251	-0.259	9.94072952e-09	1.261881196e-09	-1.282628996e-09
148.323	0.346	-0.352	7.42181948e-09	9.18333494e-10	-9.34348798e-10
148.960	0.279	-0.292	8.8880261e-09	1.128367968e-09	-1.147190354e-09
149.528	0.311	-0.289	8.46551554e-09	1.075152358e-09	-1.093141654e-09
150.173	0.296	-0.334	8.29770806e-09	1.013728428e-09	-1.031729982e-09
150.776	0.263	-0.306	9.0913727e-09	1.124954342e-09	-1.144529006e-09
151.355	0.312	-0.316	8.32121618e-09	1.016634482e-09	-1.03503374e-09
151.982	0.357	-0.316	7.88690616e-09	9.5647358e-10	-9.73809116e-10
152.662	0.330	-0.323	8.0039519e-09	9.77845176e-10	-9.95101262e-10
153.345	0.287	-0.353	8.15941512e-09	9.96885028e-10	-1.01466503e-09
153.937	0.298	-0.305	8.54510628e-09	1.076140716e-09	-1.095362622e-09
154.603	0.334	-0.367	7.38386962e-09	9.13833446e-10	-9.31146736e-10
155.432	0.458	-0.496	5.48019768e-09	6.69558292e-10	-6.81497584e-10
156.232	0.416	-0.342	6.87860848e-09	8.5576503e-10	-8.71956486e-10
156.993	0.331	-0.345	7.68392276e-09	9.5132749e-10	-9.69582376e-10
157.753	0.414	-0.429	6.16011716e-09	7.62193814e-10	-7.75841962e-10
158.627	0.407	-0.459	5.99559664e-09	7.41836454e-10	-7.5524262e-10
159.329	0.291	-0.295	8.78902232e-09	1.101956064e-09	-1.122504558e-09
159.982	0.407	-0.363	6.80851996e-09	8.36801904e-10	-8.51860176e-10
160.753	0.352	-0.363	7.26327814e-09	9.07302202e-10	-9.21323992e-10
161.489	0.437	-0.385	6.3811743e-09	7.80085954e-10	-7.9543524e-10
162.361	0.434	-0.435	5.92548996e-09	7.4303002e-10	-7.56931046e-10
163.242	0.339	-0.447	6.47815778e-09	8.25149086e-10	-8.3975699e-10
164.035	0.358	-0.453	6.46510074e-09	7.92131936e-10	-8.07492572e-10
164.747	0.427	-0.354	6.65115902e-09	8.23386204e-10	-8.39154078e-10
165.593	0.470	-0.42	5.72690582e-09	7.27465992e-10	-7.40752302e-10
166.623	0.485	-0.56	4.90583774e-09	6.15550906e-10	-6.27113378e-10
167.561	0.352	-0.454	6.29964498e-09	7.89563204e-10	-8.03988146e-10
168.199	0.366	-0.285	7.87327708e-09	9.7464493e-10	-9.9328844e-10
168.896	0.440	-0.332	6.63966828e-09	8.21562486e-10	-8.36780112e-10
169.738	0.385	-0.401	6.68080068e-09	8.1016981e-10	-8.25565404e-10
170.615	0.602	-0.492	4.428481256e-09	5.68609122e-10	-5.78566704e-10
171.792	0.402	-0.575	5.29962372e-09	6.4746302e-10	-6.59622502e-10
172.587	0.363	-0.393	6.51790094e-09	8.49198374e-10	-8.6240024e-10
173.388	0.400	-0.437	6.05889332e-09	7.60297002e-10	-7.74568946e-10
174.286	0.484	-0.498	5.16987506e-09	6.4921092e-10	-6.61322278e-10
175.061	0.346	-0.291	8.1274399e-09	9.9307733e-10	-1.01222024e-09
175.848	0.391	-0.441	6.1573069e-09	7.61923684e-10	-7.761811e-10
176.733	0.540	-0.493	5.00773804e-09	6.12143182e-10	-6.24173728e-10
177.738	0.430	-0.465	5.72801358e-09	7.09323244e-10	-7.22973662e-10
178.574	0.385	-0.405	4.274709186e-09	6.62389178e-10	-6.70571166e-10
179.351	0.410	-0.393	6.38792528e-09	7.9169882e-10	-8.06914176e-10
180.119	0.400	-0.358	6.7628067e-09	8.3976153e-10	-8.55400014e-10
181.006	0.431	-0.487	5.58324206e-09	6.95194764e-10	-7.0721396e-10
181.927	0.369	-0.491	5.90700308e-09	7.4573586e-10	-7.57814076e-10
182.644	0.296	-0.348	8.04428072e-09	1.013138682e-09	-1.029322874e-09
183.370	0.406	-0.43	6.16300006e-09	7.67665876e-10	-7.82270148e-10
184.232	0.374	-0.455	6.18238586e-09	7.64970478e-10	-7.7908216e-10
185.122	0.369	-0.517	5.84101418e-09	7.13627618e-10	-7.2647718e-10
185.830	0.329	-0.338	7.68236554e-09	9.50560684e-10	-9.68037868e-10
186.728	0.436	-0.57	5.1484281e-09	6.31655648e-10	-6.435677e-10
187.599	0.421	-0.435	5.87373396e-09	7.45684558e-10	-7.58941812e-10
188.407	0.422	-0.388	4.456059032e-09	6.61882514e-10	-6.70398192e-10
189.333	0.455	-0.504	5.28931338e-09	6.7162263e-10	-6.83748062e-10
190.215	0.605	-0.427	4.435288532e-09	5.89586192e-10	-5.99449796e-10
191.216	0.447	-0.397	4.040641768e-09	6.2636564e-10	-6.34085456e-10
192.143	0.504	-0.48	5.15568302e-09	6.54613974e-10	-6.66378476e-10
193.016	0.388	-0.37	6.82450076e-09	8.4474872e-10	-8.60875708e-10
193.896	0.409	-0.491	5.52318694e-09	7.19627682e-10	-7.31833926e-10
194.672	0.389	-0.367	6.84054966e-09	8.46703644e-10	-8.62835172e-10
195.469	0.447	-0.408	5.86873996e-09	7.54699182e-10	-7.67633642e-10
196.345	0.440	-0.428	5.95757414e-09	7.37185224e-10	-7.5091373e-10
197.186	0.359	-0.401	6.61091192e-09	8.50163124e-10	-8.648246e-10
198.000	0.445	-0.455	5.46759918e-09	7.22649052e-10	-7.34884806e-10
198.866	0.347	-0.421	6.74544574e-09	8.34847888e-10	-8.50685224e-10
199.671	0.379	-0.457	6.21274484e-09	7.69373824e-10	-7.84183304e-10
200.423	0.321	-0.373	7.41487328e-09	9.29345264e-10	-9.46334852e-10
201.183	0.377	-0.439	6.4233055e-09	7.84770326e-10	-7.99681048e-10
201.933	0.386	-0.372	6.78823978e-09	8.5073471e-10	-8.65276784e-10
202.659	0.389	-0.341	7.12193886e-09	8.8123443e-10	-8.9755119e-10
203.482	0.450	-0.434	5.87533658e-09	7.27029244e-10	-7.3951606e-10
204.451	0.440	-0.519	5.36499064e-09	6.7234222e-10	-6.8415984e-10
205.181	0.325	-0.291	8.35777226e-09	1.0474461e-09	-1.065349136e-09
205.879	0.348	-0.372	7.20986504e-09	8.92089116e-10	-9.07727146e-10
206.628	0.423	-0.401	6.0017211e-09	7.92519652e-10	-8.04802622e-10
207.346	0.331	-0.296	8.29542898e-09	1.026427716e-09	-1.04433393e-09
208.019	0.339	-0.342	7.55025154e-09	9.46240874e-10	-9.62451398e-10
208.766	0.357	-0.408	6.7905461e-09	8.40237776e-10	-8.54558752e-10
209.386	0.248	-0.263	1.043672906e-08	1.294090226e-09	-1.315982106e-09
209.956	0.356	-0.322	7.85106286e-09	9.52160126e-10	-9.68980826e-10
210.601	0.358	-0.29	7.9414361e-09	9.95289672e-10	-1.011777136e-09
211.307	0.300	-0.347	8.019002e-09	9.92305076e-10	-1.009114426e-09
211.865	0.251	-0.258	1.020598356e-08	1.26295082e-09	-1.284367816e-09
212.486	0.370	-0.37	6.94887406e-09	8.7094225e-10	-8.85398518e-10
213.185	0.327	-0.329	7.75743444e-09	9.84774578e-10	-1.001203022e-09
213.814	0.358	-0.302	7.71538496e-09	9.79417378e-10	-9.95909836e-10
214.532	0.372	-0.359	7.10198102e-09	8.78825052e-10	-8.93838832e-10
215.236	0.294	-0.333	8.3725999e-09	1.022958248e-09	-1.041129598e-09
215.859	0.329	-0.329	7.8889537e-09	9.76124516e-10	-9.93437352e-10
216.619	0.372	-0.431	6.47210142e-09	8.00797888e-10	-8.15423498e-10
217.311	0.317	-0.32	8.1534995e-09	1.008892874e-09	-1.026528504e-09
217.976	0.285	-0.348	8.0408848e-09	1.020760888e-09	-1.037547538e-09
218.546	0.281	-0.285	9.09018322e-09	1.139273956e-09	-1.158298826e-09
219.062	0.266	-0.236	1.107493502e-08	1.31447755e-09	-1.339182414e-09
219.637	0.318	-0.308	8.3725999e-09	1.022934186e-09	-1.0412944e-09
220.226	0.241	-0.272	1.171923366e-08	1.341609952e-09	-1.368761876e-09
220.796	0.281	-0.329	8.2163785e-09	1.043063638e-09	-1.060299294e-09
221.340	0.248	-0.263	1.041228116e-08	1.253648814e-09	-1.276290248e-09
221.862	0.230	-0.274	1.15869199e-08	1.350181472e-09	-1.376219734e-09
222.374	0.272	-0.283	9.34980766e-09	1.148211854e-09	-1.168118392e-09
223.025	0.334	-0.379	6.88943638e-09	8.97560724e-10	-9.11580698e-10
223.605	0.256	-0.246	1.09584704e-08	1.306819478e-09	-1.331237414e-09
224.154	0.326	-0.293	8.25830086e-09	1.02183596e-09	-1.039347194e-09
224.706	0.277	-0.225	1.024584476e-08	1.27407155e-09	-1.295729166e-09
225.464	0.421	-0.481	5.72304682e-09	6.99255794e-10	-7.1147021e-10
226.156	0.338	-0.272	8.37865172e-09	1.036812058e-09	-1.054459038e-09
226.724	0.276	-0.229	1.103414312e-08	1.306745022e-09	-1.331162958e-09
227.382	0.394	-0.382	6.52755298e-09	8.18120258e-10	-8.317053e-10
228.042	0.317	-0.266	8.6770523e-09	1.087481636e-09	-1.105499988e-09
228.605	0.285	-0.246	9.64387254e-09	1.1933163e-09	-1.213597842e-09
229.182	0.318	-0.292	8.45954998e-09	1.033615898e-09	-1.051674656e-09
229.768	0.263	-0.269	9.51844596e-09	1.19298942e-09	-1.212899136e-09
230.327	0.329	-0.296	8.10832196e-09	1.016214986e-09	-1.033082902e-09
230.926	0.361	-0.27	8.12446166e-09	1.005338054e-09	-1.022671774e-09
231.589	0.316	-0.301	8.2539924e-09	1.034492572e-09	-1.051640606e-09
232.247	0.343	-0.342	7.43920314e-09	9.32376622e-10	-9.47797186e-10
232.941	0.369	-0.351	7.0028592e-09	8.88973768e-10	-9.0341006e-10
233.617	0.345	-0.306	7.82536192e-09	9.80763942e-10	-9.9697492e-10
234.280	0.441	-0.319	6.7074414e-09	8.4063775e-10	-8.54557844e-10
235.167	0.407	-0.445	6.0960396e-09	7.44820142e-10	-7.57767314e-10
236.031	0.317	-0.457	6.64853944e-09	8.22724272e-10	-8.36684772e-10
236.757	0.309	-0.409	7.08930988e-09	8.88537928e-10	-9.0334196e-10
237.368	0.376	-0.302	7.5909254e-09	9.39283324e-10	-9.55690884e-10
238.125	0.309	-0.381	7.45375384e-09	9.22346854e-10	-9.38199172e-10
238.828	0.373	-0.394	6.58028508e-09	8.35376798e-10	-8.48858782e-10
239.497	0.308	-0.295	8.3661304e-09	1.06212846e-09	-1.079244714e-09
240.131	0.369	-0.327	7.46829092e-09	9.12490514e-10	-9.2837098e-10
240.903	0.343	-0.403	6.93953074e-09	8.62923248e-10	-8.77733636e-10
241.571	0.327	-0.326	7.89849678e-09	9.77283578e-10	-9.9420552e-10
242.285	0.425	-0.386	6.3088067e-09	7.90661884e-10	-8.03795196e-10
243.260	0.410	-0.55	5.32734496e-09	6.67628338e-10	-6.78947466e-10
244.138	0.392	-0.468	5.9884643e-09	7.54341884e-10	-7.67163752e-10
244.899	0.419	-0.369	6.43056496e-09	8.1641004e-10	-8.30033218e-10
245.897	0.461	-0.579	4.91757818e-09	6.1636856e-10	-6.26927692e-10
246.799	0.524	-0.44	4.36745503e-09	6.11239722e-10	-6.19677312e-10
247.851	0.513	-0.528	4.96560684e-09	6.14821328e-10	-6.2562562e-10
248.830	0.463	-0.466	5.5648823e-09	6.88751596e-10	-7.00882022e-10
249.677	0.444	-0.385	6.29403808e-09	7.68947064e-10	-7.82647422e-10
250.536	0.443	-0.414	6.02670018e-09	7.45698632e-10	-7.58472376e-10
251.335	0.432	-0.357	4.446652606e-09	6.62867694e-10	-6.70785e-10
252.317	0.445	-0.55	5.19956666e-09	6.35265402e-10	-6.46653084e-10
253.192	0.500	-0.43	3.6076656e-09	5.5864246e-10	-5.64843192e-10
254.248	0.527	-0.556	4.70274084e-09	5.81916316e-10	-5.9184802e-10
255.243	0.360	-0.468	6.21886022e-09	7.59800326e-10	-7.73122956e-10
255.914	0.333	-0.311	7.98832522e-09	9.76091374e-10	-9.93712476e-10
256.747	0.421	-0.501	5.58251112e-09	6.8201242e-10	-6.94104256e-10
257.512	0.395	-0.343	6.83448876e-09	8.56567702e-10	-8.70886862e-10
258.316	0.299	-0.409	7.19614516e-09	8.9044836e-10	-9.05917048e-10
259.098	0.449	-0.483	5.41271966e-09	6.78369978e-10	-6.89878878e-10
259.892	0.476	-0.344	4.433774442e-09	6.51464122e-10	-6.5938506e-10
260.720	0.364	-0.353	7.03814408e-09	8.82070244e-10	-8.97112626e-10
261.513	0.409	-0.429	6.02188778e-09	7.54744582e-10	-7.67302222e-10
262.331	0.352	-0.409	6.75635536e-09	8.2543102e-10	-8.39959928e-10
263.029	0.336	-0.345	7.66183566e-09	9.40881404e-10	-9.57150494e-10
263.802	0.371	-0.437	6.33785816e-09	7.94356082e-10	-8.07491664e-10
264.658	0.339	-0.485	6.4306603e-09	7.79929778e-10	-7.93803564e-10
265.422	0.400	-0.425	6.20141754e-09	7.77235288e-10	-7.90313212e-10
266.172	0.462	-0.35	6.43340246e-09	7.86038802e-10	-7.99813162e-10
266.983	0.334	-0.349	7.5665456e-09	9.36237438e-10	-9.52242754e-10
267.641	0.348	-0.324	7.76087122e-09	9.482244e-10	-9.64718674e-10
268.424	0.455	-0.435	5.81089582e-09	7.1898618e-10	-7.31374932e-10
269.271	0.296	-0.392	7.58054242e-09	9.2614865e-10	-9.42379604e-10
269.946	0.345	-0.379	7.00069362e-09	8.88679122e-10	-9.03196226e-10
270.619	0.377	-0.328	7.33720296e-09	9.07907838e-10	-9.2331342e-10
271.432	0.352	-0.436	6.65761944e-09	8.17527788e-10	-8.31761142e-10
272.313	0.405	-0.529	5.5342827e-09	6.8476139e-10	-6.9665392e-10
273.114	0.408	-0.396	6.4627808e-09	8.0385694e-10	-8.1786738e-10
274.028	0.452	-0.505	5.41904842e-09	6.70842658e-10	-6.82658008e-10
274.973	0.497	-0.494	5.28618986e-09	6.46245846e-10	-6.57896848e-10
275.882	0.473	-0.412	4.396003004e-09	6.36631942e-10	-6.44826642e-10
276.788	0.360	-0.434	4.370740628e-09	6.6400678e-10	-6.71686644e-10
277.629	0.460	-0.481	5.56591742e-09	6.80461556e-10	-6.92732268e-10
278.642	0.548	-0.553	4.528782114e-09	5.90313954e-10	-5.99698588e-10
279.699	0.551	-0.508	4.90119332e-09	6.06425506e-10	-6.16933336e-10
280.653	0.491	-0.404	3.87544842e-09	5.89801842e-10	-5.9636305e-10
281.637	0.462	-0.493	5.4830034e-09	6.70997018e-10	-6.82850504e-10
282.572	0.376	-0.472	4.145833114e-09	6.18031562e-10	-6.25465812e-10
283.463	0.532	-0.516	4.99904848e-09	6.10735328e-10	-6.2150557e-10
284.344	0.429	-0.348	4.536367546e-09	6.76327432e-10	-6.84544832e-10
285.207	0.566	-0.433	4.477385228e-09	5.93252242e-10	-6.02381728e-10
286.277	0.486	-0.503	5.31968598e-09	6.5129024e-10	-6.62671112e-10
287.200	0.365	-0.437	4.43979993e-09	6.69678602e-10	-6.76261148e-10
288.028	0.578	-0.463	4.47928658e-09	5.88181516e-10	-5.9682159e-10
289.130	0.648	-0.525	4.445308766e-09	5.50921282e-10	-5.60412152e-10
290.279	0.444	-0.501	3.687767998e-09	5.6135511e-10	-5.67530418e-10
291.123	0.431	-0.4	4.193161706e-09	6.3806749e-10	-6.45209364e-10
292.008	0.440	-0.455	3.836753092e-09	5.94763608e-10	-6.01319822e-10
293.012	0.517	-0.563	4.87285918e-09	5.95861834e-10	-6.06568516e-10
293.925	0.606	-0.397	3.421745336e-09	5.2993604e-10	-5.35912496e-10
295.068	0.584	-0.536	4.521028248e-09	5.7632349e-10	-5.84875488e-10
296.058	0.433	-0.405	4.099689916e-09	6.2467222e-10	-6.31167144e-10
297.056	0.473	-0.566	3.354300458e-09	5.03930466e-10	-5.07698212e-10
298.026	0.391	-0.496	3.869552776e-09	5.89337854e-10	-5.95658442e-10
298.872	0.339	-0.454	4.266883134e-09	6.60720274e-10	-6.68045564e-10
299.688	0.428	-0.478	5.62018404e-09	7.04325158e-10	-7.16242204e-10
300.491	0.400	-0.374	4.374697692e-09	6.77489672e-10	-6.8512913e-10
301.422	0.392	-0.531	5.56580846e-09	6.88673508e-10	-7.0050157e-10
302.224	0.410	-0.41	6.14494902e-09	7.80046002e-10	-7.9293824e-10
303.018	0.336	-0.384	7.13239448e-09	8.82603694e-10	-8.98097806e-10
303.681	0.301	-0.327	7.94554934e-09	1.022960518e-09	-1.039436632e-09
304.394	0.402	-0.411	6.38198696e-09	7.81934642e-10	-7.95248646e-10
305.091	0.283	-0.295	8.88822586e-09	1.100270362e-09	-1.119692028e-09
305.626	0.265	-0.253	1.076256032e-08	1.289437634e-09	-1.313263554e-09
306.245	0.273	-0.353	8.17567286e-09	1.028955134e-09	-1.044706664e-09
306.781	0.284	-0.264	9.34361056e-09	1.176405708e-09	-1.194052688e-09
307.320	0.248	-0.254	1.077065968e-08	1.307991706e-09	-1.330046118e-09
307.838	0.243	-0.271	1.015245242e-08	1.244653712e-09	-1.265410138e-09
308.327	0.258	-0.246	1.052245788e-08	1.290425538e-09	-1.305347156e-09
308.864	0.295	-0.279	8.9967364e-09	1.117676268e-09	-1.135409508e-09
309.457	0.299	-0.297	8.67447812e-09	1.078405268e-09	-1.09504346e-09
310.057	0.275	-0.302	8.96905602e-09	1.11091303e-09	-1.130320168e-09
310.678	0.325	-0.346	7.70822538e-09	9.54200402e-10	-9.7100158e-10
311.275	0.262	-0.272	1.003089846e-08	1.229871018e-09	-1.251771978e-09
311.785	0.282	-0.248	9.75143876e-09	1.20716103e-09	-1.228464526e-09
312.395	0.265	-0.328	8.64215332e-09	1.083095088e-09	-1.10148799e-09
312.929	0.232	-0.27	1.010569042e-08	1.282848732e-09	-1.305308566e-09
313.447	0.222	-0.286	1.00623652e-08	1.26134366e-09	-1.284667456e-09
313.940	0.232	-0.27	1.211259742e-08	1.371657034e-09	-1.402227124e-09
314.449	0.247	-0.278	9.94616844e-09	1.215197284e-09	-1.236901662e-09
314.953	0.245	-0.257	1.356615106e-08	1.46028873e-09	-1.493907884e-09
315.428	0.274	-0.229	1.262516796e-08	1.511292452e-09	-1.52748981e-09
315.930	0.274	-0.228	1.718890762e-08	2.113073084e-09	-2.071823098e-09
316.471	0.261	-0.267	1.57016808e-08	1.984271468e-09	-1.94447292e-09
316.974	0.261	-0.242	1.697494196e-08	2.114338382e-09	-2.070800236e-09
317.478	0.271	-0.243	1.808097222e-08	2.159700246e-09	-2.113505292e-09
317.968	0.285	-0.219	1.632524072e-08	2.087225956e-09	-2.046354606e-09
318.626	0.324	-0.373	1.156456494e-08	1.525323776e-09	-1.48781248e-09
319.277	0.264	-0.326	1.417695812e-08	1.77092461e-09	-1.734605972e-09
319.868	0.276	-0.327	1.362869864e-08	1.743719568e-09	-1.708864172e-09
320.527	0.398	-0.383	1.022785728e-08	1.355059248e-09	-1.330993616e-09
321.328	0.364	-0.403	1.061874674e-08	1.366678016e-09	-1.346406916e-09
322.010	0.303	-0.318	1.29894394e-08	1.691587656e-09	-1.66731273e-09
322.694	0.416	-0.381	1.011924686e-08	1.322457054e-09	-1.300020374e-09
323.440	0.316	-0.33	1.236927994e-08	1.6512661e-09	-1.60972056e-09
324.104	0.374	-0.349	1.137941466e-08	1.471937008e-09	-1.428839242e-09
324.851	0.314	-0.373	1.1856664e-08	1.53283793e-09	-1.505104432e-09
325.615	0.457	-0.45	9.06323832e-09	1.162636796e-09	-1.137615948e-09
326.415	0.328	-0.343	1.25070644e-08	1.601923564e-09	-1.532442042e-09
327.152	0.494	-0.409	9.11088108e-09	1.205159344e-09	-1.142898692e-09
328.145	0.469	-0.499	8.42809232e-09	1.126776698e-09	-1.070222826e-09
329.006	0.338	-0.392	1.146012224e-08	1.469575754e-09	-1.428752528e-09
329.776	0.432	-0.433	9.43403374e-09	1.22545723e-09	-1.199516578e-09
330.504	0.274	-0.296	1.157982388e-08	1.475628028e-09	-1.47909568e-09
331.100	0.315	-0.322	8.03622676e-09	1.00710593e-09	-1.024135016e-09
331.803	0.366	-0.388	6.85160002e-09	8.47926266e-10	-8.62842436e-10
332.516	0.427	-0.347	6.67841264e-09	8.26433906e-10	-8.40940114e-10
333.349	0.400	-0.406	6.47509782e-09	7.91279324e-10	-8.0556852e-10
334.063	0.390	-0.314	7.19410216e-09	9.13663196e-10	-9.28958002e-10
334.809	0.386	-0.356	6.96661638e-09	8.62893738e-10	-8.779679e-10
335.526	0.378	-0.33	7.299185e-09	9.03652042e-10	-9.19552938e-10
336.288	0.430	-0.384	6.28159394e-09	7.87388544e-10	-8.00895044e-10
337.176	0.437	-0.458	5.66385884e-09	7.20162948e-10	-7.31946064e-10
338.038	0.495	-0.425	5.56475972e-09	6.98757756e-10	-7.10397408e-10
338.889	0.373	-0.356	7.0170013e-09	8.86603888e-10	-8.9774868e-10
339.654	0.432	-0.391	6.33531576e-09	7.7715266e-10	-7.8982607e-10
340.507	0.426	-0.421	5.99535602e-09	7.62466668e-10	-7.74847702e-10
341.357	0.372	-0.424	6.56764572e-09	8.1483012e-10	-8.2840245e-10
342.015	0.314	-0.287	8.7695548e-09	1.07587104e-09	-1.09335231e-09
342.747	0.427	-0.418	6.15392914e-09	7.83496402e-10	-7.91607112e-10
343.604	0.471	-0.429	5.85786666e-09	7.22962766e-10	-7.31679566e-10
344.429	0.401	-0.354	6.78981062e-09	8.69528948e-10	-8.79639074e-10
345.145	0.483	-0.316	6.6015686e-09	8.1430348e-10	-8.24439938e-10
346.092	0.463	-0.464	5.68929192e-09	7.00378536e-10	-7.10107302e-10
347.073	0.598	-0.518	4.59151084e-09	5.8704924e-10	-5.94571112e-10
348.039	0.404	-0.369	6.7642368e-09	8.44895816e-10	-8.55103552e-10
348.915	0.492	-0.473	5.36409172e-09	6.7656896e-10	-6.85906832e-10
349.798	0.438	-0.391	4.211160536e-09	6.40828718e-10	-6.4798966e-10
350.604	0.428	-0.368	4.453735914e-09	6.646106e-10	-6.72554238e-10
351.471	0.516	-0.439	3.614428838e-09	5.49288244e-10	-5.55723694e-10
352.384	0.394	-0.398	4.363553808e-09	6.50829884e-10	-6.58724944e-10
353.229	0.474	-0.451	3.680915776e-09	5.59290772e-10	-5.65839722e-10
354.100	0.427	-0.397	4.134163952e-09	6.28065416e-10	-6.35328962e-10
354.977	0.381	-0.45	4.527624414e-09	6.46821064e-10	-6.55130626e-10
355.854	0.410	-0.495	3.814832156e-09	5.68726708e-10	-5.75411858e-10
356.775	0.526	-0.512	3.283204058e-09	4.9881661e-10	-5.04527022e-10
357.807	0.333	-0.506	3.996570172e-09	6.18903696e-10	-6.2568464e-10
358.503	0.581	-0.362	3.663831302e-09	5.4620059e-10	-5.52606076e-10
359.593	0.386	-0.509	3.860404676e-09	5.75525358e-10	-5.82263172e-10
360.696	0.738	-0.718	2.170624848e-09	3.634700392e-10	-3.668666402e-10
361.912	0.513	-0.478	3.491621384e-09	5.20522804e-10	-5.26709916e-10
362.976	0.537	-0.551	3.100310612e-09	4.80078668e-10	-4.8538729e-10
364.138	0.515	-0.624	3.008250762e-09	4.5735052e-10	-4.62672762e-10
365.170	0.561	-0.518	3.176979862e-09	4.83368352e-10	-4.88838144e-10
366.385	0.477	-0.654	2.98327259e-09	4.63532638e-10	-4.68006354e-10
367.459	0.608	-0.597	2.720375264e-09	4.382345776e-10	-4.427475646e-10
368.621	0.575	-0.555	2.944216332e-09	4.65047636e-10	-4.7006933e-10
369.896	0.573	-0.699	2.7316272e-09	4.081755554e-10	-4.127616364e-10
370.891	0.467	-0.422	3.739045482e-09	5.91127068e-10	-5.97270596e-10
372.087	0.612	-0.729	2.516454354e-09	3.904378208e-10	-3.945697202e-10
373.167	0.598	-0.467	3.25840567e-09	4.86989002e-10	-4.92405676e-10
374.230	0.693	-0.465	2.954607938e-09	4.491826514e-10	-4.54404514e-10
375.583	0.491	-0.66	3.015890674e-09	4.496585342e-10	-4.55125466e-10
376.677	0.646	-0.603	2.740007132e-09	4.162768222e-10	-4.21118142e-10
377.801	0.501	-0.478	3.54786699e-09	5.28924528e-10	-5.35330922e-10
379.162	0.638	-0.86	2.28438272e-09	3.471055638e-10	-3.511708614e-10
380.778	0.731	-0.978	2.001507124e-09	3.041916224e-10	-3.077527076e-10
382.316	0.709	-0.807	2.224928696e-09	3.447307806e-10	-3.485991784e-10
383.706	0.456	-0.681	3.057165176e-09	4.56074326e-10	-4.61577714e-10
384.688	0.544	-0.526	4.74885362e-09	5.9581598e-10	-6.05935186e-10
385.708	0.369	-0.476	5.94988338e-09	7.56219174e-10	-7.68705536e-10
386.355	0.251	-0.279	1.010809208e-08	1.22468089e-09	-1.246879674e-09
386.875	0.263	-0.269	9.63851988e-09	1.194150752e-09	-1.214886294e-09
387.451	0.312	-0.313	8.29003546e-09	1.013973588e-09	-1.032102262e-09
388.017	0.248	-0.253	1.268417434e-08	1.408340688e-09	-1.438921674e-09
388.528	0.273	-0.263	9.38923756e-09	1.192852312e-09	-1.212727524e-09
389.056	0.250	-0.256	1.137097026e-08	1.32907365e-09	-1.35524221e-09
389.624	0.227	-0.319	9.2057353e-09	1.169272914e-09	-1.188819884e-09
390.092	0.265	-0.24	1.096706008e-08	1.314683666e-09	-1.339348124e-09
390.658	0.215	-0.301	1.00339902e-08	1.226398826e-09	-1.2485454e-09
391.147	0.229	-0.274	1.019492866e-08	1.290356984e-09	-1.312097228e-09
391.621	0.266	-0.244	1.125213122e-08	1.31459332e-09	-1.340546684e-09
392.172	0.219	-0.285	1.131263126e-08	1.336839774e-09	-1.362645588e-09
392.678	0.236	-0.287	9.85534574e-09	1.225994766e-09	-1.247373626e-09
393.179	0.236	-0.265	1.069298936e-08	1.322270006e-09	-1.34560152e-09
393.694	0.271	-0.279	9.55738554e-09	1.159625414e-09	-1.180868074e-09
394.209	0.274	-0.244	1.056539266e-08	1.269767176e-09	-1.293462344e-09
394.780	0.248	-0.297	9.62208508e-09	1.176301288e-09	-1.197510806e-09
395.374	0.370	-0.347	7.30603132e-09	8.93247724e-10	-9.09335214e-10
396.097	0.308	-0.352	7.93611522e-09	9.7038187e-10	-9.87832268e-10
396.807	0.327	-0.403	7.11241848e-09	8.80957944e-10	-8.96342188e-10
397.424	0.304	-0.29	8.81556316e-09	1.078578696e-09	-1.097729778e-09
398.088	0.380	-0.36	7.00983718e-09	8.68963264e-10	-8.83827678e-10
398.852	0.404	-0.384	6.5825914e-09	8.1659391e-10	-8.30246598e-10
399.653	0.390	-0.397	6.53370922e-09	8.21586094e-10	-8.34571856e-10
400.546	0.422	-0.503	5.4994382e-09	7.01253848e-10	-7.11525144e-10
401.369	0.432	-0.401	6.11039508e-09	7.80033744e-10	-7.90870724e-10
402.306	0.551	-0.505	4.86174072e-09	6.12310254e-10	-6.21367554e-10
403.290	0.385	-0.433	6.40077802e-09	7.84805284e-10	-7.97828728e-10
404.137	0.556	-0.461	5.09808404e-09	6.32334378e-10	-6.42962972e-10
405.157	0.447	-0.464	5.6115308e-09	7.04264776e-10	-7.1613733e-10
406.058	0.570	-0.453	3.41772562e-09	5.09797962e-10	-5.15971e-10
407.059	0.436	-0.432	4.02712528e-09	6.00445872e-10	-6.0774937e-10
408.012	0.512	-0.517	5.01372176e-09	6.20354226e-10	-6.31129008e-10
409.038	0.457	-0.515	3.599252072e-09	5.36560808e-10	-5.42880942e-10
410.042	0.484	-0.546	3.394114442e-09	5.06006608e-10	-5.1193267e-10
410.976	0.338	-0.451	4.471393336e-09	6.71636704e-10	-6.79503162e-10
411.668	0.416	-0.354	4.538554464e-09	6.7660301e-10	-6.84723708e-10
412.780	0.539	-0.696	2.831724212e-09	4.221618426e-10	-4.271560242e-10
413.890	0.577	-0.572	2.998707682e-09	4.5560035e-10	-4.60740084e-10
415.190	0.713	-0.722	2.400053294e-09	3.646325062e-10	-3.68753555e-10
416.430	0.685	-0.526	2.842754142e-09	4.318751726e-10	-4.367975314e-10
417.608	0.584	-0.493	3.199763852e-09	4.86119592e-10	-4.916366e-10
418.650	0.460	-0.458	3.80595691e-09	5.67392402e-10	-5.7403987e-10
419.991	0.766	-0.881	2.060303302e-09	3.190601224e-10	-3.225267756e-10
421.284	0.635	-0.527	2.921695208e-09	4.524550834e-10	-4.57406362e-10
422.738	0.873	-0.819	2.065066216e-09	3.078681144e-10	-3.114786856e-10
424.343	0.568	-0.733	2.64823194e-09	4.023355718e-10	-4.068860138e-10
425.757	0.884	-0.845	1.964058934e-09	3.04131649e-10	-3.074919754e-10
427.555	0.984	-0.914	1.84625456e-09	2.752235168e-10	-2.785141542e-10
429.183	0.843	-0.644	2.289171058e-09	3.544795226e-10	-3.583655356e-10
430.994	0.819	-0.968	1.96212671e-09	2.925121092e-10	-2.959421246e-10
432.661	0.701	-0.849	2.261715408e-09	3.371660964e-10	-3.411394136e-10
434.363	0.863	-1.001	1.852945158e-09	2.81499749e-10	-2.847500712e-10
436.145	0.886	-0.918	1.941538264e-09	2.8948175e-10	-2.930024292e-10
437.834	0.590	-0.803	2.456307072e-09	3.733225656e-10	-3.776910444e-10
439.391	0.884	-0.968	1.874297686e-09	2.79601575e-10	-2.829791534e-10
441.054	0.985	-0.778	1.968843186e-09	2.93809051e-10	-2.97317336e-10
442.824	0.754	-0.785	2.255635894e-09	3.367826934e-10	-3.407177838e-10
444.698	1.336	-1.121	1.352381102e-09	2.139201238e-10	-2.160779858e-10
447.097	1.001	-1.063	1.670251472e-09	2.54580727e-10	-2.571732486e-10
449.033	0.870	-0.934	1.977421516e-09	2.961243602e-10	-2.990258288e-10
450.594	0.664	-0.691	2.593814138e-09	3.962168322e-10	-3.996525226e-10
451.999	0.544	-0.74	2.697918154e-09	4.20011971e-10	-4.234956038e-10
453.073	0.512	-0.53	3.372875868e-09	5.14608092e-10	-5.19502666e-10
454.234	0.640	-0.648	2.769463106e-09	4.14199182e-10	-4.186185088e-10
455.465	0.467	-0.592	3.369943936e-09	5.0349735e-10	-5.09187786e-10
456.583	0.566	-0.651	2.847795358e-09	4.415496402e-10	-4.463729816e-10
457.701	0.478	-0.552	3.463076588e-09	5.16439528e-10	-5.2272198e-10
458.716	0.441	-0.537	3.51099311e-09	5.3340914e-10	-5.39613504e-10
459.687	0.509	-0.53	3.306523314e-09	5.0233057e-10	-5.0806232e-10
460.736	0.615	-0.539	3.01846667e-09	4.49997309e-10	-4.55269838e-10
461.817	0.455	-0.466	3.72792112e-09	5.66391786e-10	-5.7280953e-10
462.692	0.477	-0.42	3.886906926e-09	5.79475158e-10	-5.86310128e-10
463.729	0.583	-0.56	3.007847156e-09	4.56986866e-10	-4.62189706e-10
464.916	0.426	-0.604	3.335157094e-09	5.06713032e-10	-5.12498808e-10
465.810	0.592	-0.469	3.240056806e-09	4.92261758e-10	-4.9789726e-10
466.880	0.472	-0.478	3.563878208e-09	5.51899198e-10	-5.5797054e-10
468.019	0.589	-0.667	2.796842484e-09	4.201143026e-10	-4.249756892e-10
469.273	0.688	-0.664	2.54281995e-09	3.863335246e-10	-3.906870214e-10
470.393	0.452	-0.432	3.832993972e-09	5.93562324e-10	-6.0001548e-10
471.513	0.522	-0.668	2.889322738e-09	4.389538498e-10	-4.439425834e-10
472.754	0.560	-0.72	2.727286506e-09	4.065636284e-10	-4.113807046e-10
473.959	0.647	-0.645	2.623896178e-09	4.063074816e-10	-4.107842848e-10
475.443	0.717	-0.838	2.211654644e-09	3.359936414e-10	-3.39854185e-10
476.537	0.410	-0.376	4.436511608e-09	6.61356328e-10	-6.69263646e-10
477.773	0.718	-0.826	2.194667326e-09	3.398415184e-10	-3.435889706e-10
479.246	0.857	-0.755	2.135968304e-09	3.245011308e-10	-3.28192514e-10
480.651	0.603	-0.548	3.048181424e-09	4.54414956e-10	-4.59753542e-10
481.836	0.673	-0.581	2.797409076e-09	4.170358194e-10	-4.219244914e-10
483.228	0.789	-0.72	2.325674474e-09	3.467105384e-10	-3.507738384e-10
484.974	0.785	-0.957	2.014524666e-09	3.003242688e-10	-3.038441762e-10
486.678	0.804	-0.919	2.037368584e-09	3.037288602e-10	-3.072903994e-10
488.446	0.960	-0.965	1.796726338e-09	2.729670914e-10	-2.76059467e-10
490.506	0.848	-1.1	1.787716254e-09	2.665006786e-10	-2.69652846e-10
492.365	0.998	-1.011	1.653472994e-09	2.610239404e-10	-2.637749988e-10
493.987	0.568	-0.624	2.869315412e-09	4.3592626e-10	-4.40851025e-10
495.329	0.815	-0.774	2.183948386e-09	3.255880522e-10	-3.29397657e-10
497.404	1.389	-1.26	1.309773202e-09	1.952666712e-10	-1.975531968e-10
500.051	1.137	-1.258	1.430436868e-09	2.173301632e-10	-2.197835792e-10
502.457	1.328	-1.27	1.293353384e-09	2.041869994e-10	-2.06325748e-10
505.174	0.968	-1.389	1.488850778e-09	2.21964232e-10	-2.245765934e-10
507.205	1.066	-1.062	1.64943875e-09	2.45905468e-10	-2.48798356e-10
509.184	0.793	-0.914	2.057066736e-09	3.06676773e-10	-3.1027041e-10
511.531	1.331	-1.555	1.196189666e-09	1.817383792e-10	-1.837861462e-10
514.201	0.942	-1.339	1.510173796e-09	2.294364364e-10	-2.320277322e-10
515.937	0.956	-0.795	1.996011454e-09	2.975571842e-10	-3.010599758e-10
518.151	1.031	-1.257	1.527268712e-09	2.276749618e-10	-2.303678174e-10
519.962	0.885	-0.78	2.068427178e-09	3.142361908e-10	-3.178283296e-10
521.487	0.577	-0.64	2.871450574e-09	4.280510852e-10	-4.331462818e-10
523.031	0.733	-0.967	2.067230434e-09	3.08165666e-10	-3.118268128e-10
524.270	0.526	-0.506	3.408846288e-09	5.08164924e-10	-5.14189504e-10
525.317	0.430	-0.52	3.649823132e-09	5.5448609e-10	-5.6080577e-10
526.231	0.526	-0.484	3.508584186e-09	5.26988218e-10	-5.33122666e-10
527.335	0.527	-0.578	3.1383885e-09	4.76797156e-10	-4.8220248e-10
528.310	0.554	-0.448	3.511803046e-09	5.23535094e-10	-5.29675898e-10
529.377	0.441	-0.514	3.576858976e-09	5.53906332e-10	-5.59917292e-10
530.288	0.500	-0.469	3.627792328e-09	5.4084339e-10	-5.47170788e-10
531.326	0.428	-0.538	3.641151278e-09	5.42839174e-10	-5.49197898e-10
532.283	0.574	-0.529	4.6569958e-09	5.83686916e-10	-5.93330784e-10
533.208	0.461	-0.35	4.25882418e-09	6.3491673e-10	-6.42343716e-10
534.087	0.448	-0.418	3.980754174e-09	5.93453364e-10	-6.00402288e-10
534.963	0.394	-0.428	4.076417876e-09	6.3125295e-10	-6.38124694e-10
535.906	0.545	-0.549	4.76324542e-09	5.77650986e-10	-5.87910024e-10
536.897	0.332	-0.445	4.436094382e-09	6.61309566e-10	-6.69109286e-10
537.737	0.375	-0.508	3.908409728e-09	5.82658152e-10	-5.89497662e-10
538.635	0.485	-0.524	4.89546384e-09	6.2957769e-10	-6.39458092e-10
539.522	0.381	-0.402	4.342949018e-09	6.5983452e-10	-6.6727558e-10
540.414	0.457	-0.511	5.30573002e-09	6.4828249e-10	-6.59606158e-10
541.285	0.402	-0.414	6.10751672e-09	7.75372526e-10	-7.88020512e-10
542.079	0.429	-0.392	4.365590906e-09	6.53020434e-10	-6.6071982e-10
542.893	0.458	-0.386	4.031487766e-09	6.12510922e-10	-6.1947846e-10
543.881	0.425	-0.53	5.35590156e-09	6.83203262e-10	-6.94157374e-10
544.787	0.416	-0.481	5.83212032e-09	7.21702916e-10	-7.33957738e-10
545.669	0.374	-0.466	6.22757702e-09	7.70637306e-10	-7.83698432e-10
546.471	0.540	-0.428	5.45552278e-09	6.66575512e-10	-6.7815342e-10
547.532	0.441	-0.521	5.3807626e-09	6.7433301e-10	-6.85589486e-10
548.456	0.484	-0.483	5.46557888e-09	6.6776136e-10	-6.79727438e-10
549.491	0.466	-0.552	5.1387579e-09	6.36270104e-10	-6.47451216e-10
550.317	0.351	-0.361	7.20623758e-09	9.1675539e-10	-9.3148315e-10
551.169	0.426	-0.501	5.58720094e-09	7.03767646e-10	-7.141193e-10
551.929	0.314	-0.333	7.99703748e-09	1.008992754e-09	-1.022673136e-09
552.630	0.437	-0.387	6.28723262e-09	7.92692626e-10	-8.03840142e-10
553.331	0.270	-0.264	9.79801008e-09	1.218785246e-09	-1.237083262e-09
553.890	0.291	-0.289	8.9292493e-09	1.124155756e-09	-1.141071342e-09
554.419	0.334	-0.239	8.84808318e-09	1.12774281e-09	-1.14459075e-09
555.064	0.285	-0.311	8.69917572e-09	1.066817372e-09	-1.084393982e-09
555.624	0.264	-0.275	9.66916488e-09	1.191282834e-09	-1.211023208e-09
556.148	0.253	-0.26	1.072273998e-08	1.276549028e-09	-1.29950236e-09
556.653	0.252	-0.252	1.046258436e-08	1.300466656e-09	-1.3221842e-09
557.154	0.268	-0.25	1.00145136e-08	1.226071946e-09	-1.247456254e-09
557.710	0.244	-0.288	9.55968278e-09	1.199941976e-09	-1.220091858e-09
558.191	0.267	-0.237	1.065982466e-08	1.291454302e-09	-1.314894776e-09
558.709	0.277	-0.252	9.7179835e-09	1.203643438e-09	-1.22467862e-09
559.262	0.299	-0.276	8.93574604e-09	1.10648426e-09	-1.125905472e-09
559.801	0.262	-0.24	1.127076338e-08	1.347507866e-09	-1.372917792e-09
560.361	0.308	-0.299	8.21840788e-09	1.057193026e-09	-1.074441848e-09
560.930	0.305	-0.261	8.90071994e-09	1.130141292e-09	-1.149045852e-09
561.535	0.261	-0.301	9.3598683e-09	1.135234264e-09	-1.155982972e-09
562.010	0.292	-0.213	1.01628808e-08	1.257600884e-09	-1.279657566e-09
562.607	0.241	-0.305	9.49240452e-09	1.159779774e-09	-1.180604754e-09
563.191	0.362	-0.342	7.14746728e-09	9.07354866e-10	-9.22433568e-10
563.852	0.284	-0.299	8.7995188e-09	1.088805046e-09	-1.107799498e-09
564.416	0.345	-0.28	8.22292064e-09	1.01744578e-09	-1.035162676e-09
564.998	0.282	-0.238	9.82672104e-09	1.231501786e-09	-1.25237262e-09
565.550	0.257	-0.269	1.022065684e-08	1.230429438e-09	-1.252965998e-09
566.064	0.272	-0.257	9.79616684e-09	1.212082844e-09	-1.233071264e-09
566.710	0.266	-0.374	8.08172664e-09	9.99953614e-10	-1.017222412e-09
567.243	0.243	-0.267	1.10539466e-08	1.308931032e-09	-1.333500604e-09
567.741	0.249	-0.254	1.074542636e-08	1.300043528e-09	-1.3233419e-09
568.257	0.268	-0.267	9.75935198e-09	1.192330666e-09	-1.213225562e-09
568.771	0.259	-0.246	1.01453337e-08	1.27147467e-09	-1.29259475e-09
569.312	0.297	-0.281	8.95205372e-09	1.107714146e-09	-1.126536078e-09
569.838	0.296	-0.229	1.253769578e-08	1.373717286e-09	-1.403371204e-09
570.373	0.301	-0.24	1.02506844e-08	1.242782778e-09	-1.26471007e-09
570.927	0.249	-0.252	1.146131172e-08	1.35403684e-09	-1.379173912e-09
571.457	0.239	-0.28	9.77110604e-09	1.240494164e-09	-1.26046744e-09
571.968	0.231	-0.272	1.075689894e-08	1.329733766e-09	-1.352323898e-09
572.442	0.263	-0.242	1.153474622e-08	1.35333768e-09	-1.37886156e-09
572.947	0.272	-0.242	1.007844134e-08	1.275325952e-09	-1.29605877e-09
573.471	0.256	-0.252	1.18591156e-08	1.357699712e-09	-1.384670036e-09
573.982	0.258	-0.254	1.02545888e-08	1.259361496e-09	-1.281176196e-09
574.509	0.243	-0.269	1.020006794e-08	1.246288566e-09	-1.268152752e-09
574.997	0.272	-0.244	1.114513704e-08	1.31668172e-09	-1.341443788e-09
575.515	0.261	-0.246	1.030861934e-08	1.288162802e-09	-1.309907586e-09
576.052	0.276	-0.277	9.31502672e-09	1.152656514e-09	-1.172568954e-09
576.645	0.219	-0.317	9.6244822e-09	1.190943242e-09	-1.21155121e-09
577.160	0.257	-0.296	9.40514572e-09	1.149138922e-09	-1.16944498e-09
577.687	0.236	-0.269	1.050803884e-08	1.280857942e-09	-1.303476222e-09
578.171	0.257	-0.249	1.096921658e-08	1.308267284e-09	-1.332291602e-09
578.712	0.287	-0.284	8.85019428e-09	1.123585986e-09	-1.141750526e-09
579.279	0.279	-0.279	9.31546256e-09	1.138215682e-09	-1.15801326e-09
579.904	0.239	-0.346	8.89072286e-09	1.086309408e-09	-1.105177648e-09
580.414	0.232	-0.271	1.04461541e-08	1.289187026e-09	-1.311137018e-09
580.931	0.335	-0.284	8.1635556e-09	1.03637758e-09	-1.053074338e-09
581.555	0.232	-0.289	1.018528116e-08	1.241462092e-09	-1.263186446e-09
582.118	0.338	-0.331	7.70470688e-09	9.5335914e-10	-9.69580106e-10
582.706	0.256	-0.25	1.010192676e-08	1.266026216e-09	-1.287078196e-09
583.277	0.318	-0.316	7.98017138e-09	1.013032446e-09	-1.029496756e-09
583.923	0.302	-0.328	7.9462031e-09	1.02182915e-09	-1.038069184e-09
584.584	0.305	-0.36	7.745921e-09	9.5840762e-10	-9.74902348e-10
585.266	0.378	-0.377	6.70045434e-09	8.50559012e-10	-8.6452496e-10
585.948	0.290	-0.304	8.67357466e-09	1.0731879e-09	-1.0918019e-09
586.539	0.231	-0.301	1.025497924e-08	1.259285224e-09	-1.281563912e-09
587.032	0.315	-0.262	9.19996042e-09	1.167964032e-09	-1.187427466e-09
587.662	0.247	-0.315	9.71203156e-09	1.187055186e-09	-1.208492158e-09
588.172	0.289	-0.263	9.61544306e-09	1.221696748e-09	-1.242020966e-09
588.788	0.357	-0.328	7.89516442e-09	9.78880296e-10	-9.95541188e-10
589.451	0.339	-0.306	8.39700694e-09	1.042878406e-09	-1.059600588e-09
590.039	0.323	-0.25	9.53107624e-09	1.171241912e-09	-1.188962894e-09
590.626	0.343	-0.263	9.0000052e-09	1.109113374e-09	-1.123678602e-09
591.388	0.300	-0.419	7.52371978e-09	9.4336206e-10	-9.52051166e-10
592.044	0.384	-0.356	7.37755902e-09	9.1513688e-10	-9.2265058e-10
592.874	0.534	-0.446	5.46319084e-09	6.9434079e-10	-6.99992182e-10
593.818	0.352	-0.41	7.10185844e-09	8.91054904e-10	-8.98810132e-10
594.644	0.469	-0.474	5.73509598e-09	7.19285366e-10	-7.25763492e-10
595.509	0.404	-0.397	6.68944484e-09	8.49113476e-10	-8.56848728e-10
596.308	0.354	-0.395	7.28982806e-09	9.02321368e-10	-9.1120978e-10
597.150	0.484	-0.487	5.5496733e-09	6.90253428e-10	-6.97059342e-10
598.092	0.527	-0.459	5.31521862e-09	6.6599076e-10	-6.72472064e-10
599.053	0.461	-0.433	5.91070318e-09	7.31479352e-10	-7.38788752e-10
600.029	0.513	-0.515	5.04517034e-09	6.40048746e-10	-6.46146874e-10
600.969	0.399	-0.427	4.30354091e-09	6.4711798e-10	-6.51519964e-10
601.820	0.453	-0.452	5.7292076e-09	7.26149392e-10	-7.33580918e-10
602.796	0.488	-0.523	5.13401814e-09	6.49154624e-10	-6.56954798e-10
603.788	0.583	-0.504	4.72605828e-09	6.03883106e-10	-6.11877592e-10
604.796	0.387	-0.424	4.19163445e-09	6.63733926e-10	-6.69989138e-10
605.718	0.584	-0.535	4.72681192e-09	5.79643592e-10	-5.8921028e-10
606.783	0.507	-0.482	5.34732096e-09	6.55417554e-10	-6.66428416e-10
607.684	0.395	-0.393	4.4205299e-09	6.7375416e-10	-6.80632714e-10
608.544	0.446	-0.465	3.857359244e-09	5.78036886e-10	-5.83429498e-10
609.397	0.444	-0.407	4.13173142e-09	6.20723328e-10	-6.2536684e-10
610.388	0.475	-0.548	3.385729516e-09	5.19892652e-10	-5.22365136e-10
611.345	0.442	-0.482	3.805388956e-09	5.7556985e-10	-5.76876462e-10
612.352	0.470	-0.566	3.393437074e-09	5.1025968e-10	-5.13742768e-10
613.480	0.555	-0.658	2.895847626e-09	4.325974866e-10	-4.375281536e-10
614.437	0.435	-0.401	4.14203722e-09	6.29445576e-10	-6.3682353e-10
615.375	0.525	-0.503	3.416970618e-09	5.0937211e-10	-5.1544436e-10
616.476	0.542	-0.576	3.100040482e-09	4.70991858e-10	-4.76318186e-10
617.637	0.629	-0.62	2.813345384e-09	4.194111474e-10	-4.244394244e-10
618.841	0.607	-0.575	2.933787952e-09	4.457016972e-10	-4.510166752e-10
620.047	0.469	-0.6	3.288431414e-09	4.90230562e-10	-4.96526634e-10
621.199	0.734	-0.683	2.412052968e-09	3.736051352e-10	-3.781779594e-10
622.619	0.705	-0.686	2.455196134e-09	3.802119248e-10	-3.847773034e-10
623.947	0.644	-0.623	2.77580594e-09	4.13798754e-10	-4.188734752e-10
625.235	0.554	-0.644	2.936647244e-09	4.378043672e-10	-4.42975064e-10
626.542	0.997	-0.754	1.979857226e-09	3.00798608e-10	-3.041907144e-10
628.393	0.819	-0.854	2.042235918e-09	3.162569448e-10	-3.196888216e-10
630.087	0.877	-0.876	1.97623703e-09	3.002516288e-10	-3.03634065e-10
631.665	0.695	-0.701	2.515594478e-09	3.750333738e-10	-3.794204666e-10
633.344	0.922	-0.983	1.738627504e-09	2.798695258e-10	-2.826820558e-10
634.905	0.715	-0.639	2.594911002e-09	3.868438206e-10	-3.91385682e-10
636.334	0.739	-0.714	2.313651192e-09	3.652438172e-10	-3.690882438e-10
637.931	1.070	-0.858	1.795747514e-09	2.728103706e-10	-2.759308034e-10
639.989	1.243	-0.988	1.568989496e-09	2.338925826e-10	-2.36698575e-10
642.137	0.881	-0.904	1.899527828e-09	2.941628532e-10	-2.97469199e-10
644.019	1.102	-1.001	1.659189308e-09	2.474403512e-10	-2.50448419e-10
645.982	1.040	-0.862	1.834589938e-09	2.738000906e-10	-2.770579492e-10
647.916	0.793	-0.894	2.0392545e-09	3.100232524e-10	-3.136271498e-10
649.987	0.953	-1.278	1.557252234e-09	2.321743288e-10	-2.349954848e-10
651.831	1.260	-0.891	1.581970264e-09	2.403333898e-10	-2.431089188e-10
654.129	1.036	-1.038	1.664066176e-09	2.48067416e-10	-2.510032978e-10
656.536	1.465	-1.371	1.199888404e-09	1.822952102e-10	-1.843551444e-10
659.371	1.235	-1.37	1.28750314e-09	1.993816818e-10	-2.015444016e-10
661.755	1.391	-1.15	1.369131886e-09	2.04114768e-10	-2.065026264e-10
664.552	1.252	-1.406	1.256087248e-09	1.982977114e-10	-2.003716742e-10
667.150	1.412	-1.346	1.228763258e-09	1.902789364e-10	-1.92352536e-10
670.058	1.239	-1.496	1.257353908e-09	1.910289898e-10	-1.931826296e-10
672.594	1.364	-1.297	1.235295864e-09	1.988443274e-10	-2.008488282e-10
675.191	1.169	-1.233	1.451667724e-09	2.164029136e-10	-2.189985224e-10
677.081	0.756	-0.721	2.36114277e-09	3.519937818e-10	-3.562462182e-10
678.768	0.711	-0.932	2.09294454e-09	3.179592632e-10	-3.21612692e-10
680.157	0.686	-0.679	2.518646266e-09	3.82640507e-10	-3.869866944e-10
681.429	0.615	-0.586	2.903309116e-09	4.328232154e-10	-4.37897528e-10
682.641	0.529	-0.597	3.067882754e-09	4.66096376e-10	-4.71357782e-10
683.684	0.438	-0.514	3.639377046e-09	5.52918428e-10	-5.59166376e-10
684.687	0.566	-0.565	2.972838762e-09	4.69313874e-10	-4.74233418e-10
685.734	0.598	-0.48	3.259511614e-09	4.85915746e-10	-4.91632968e-10
686.887	0.526	-0.555	3.248759532e-09	4.84304046e-10	-4.90029894e-10
687.959	0.632	-0.546	2.941269872e-09	4.468373782e-10	-4.519895518e-10
689.666	0.800	-1.075	1.820583584e-09	2.819610584e-10	-2.851402842e-10
691.068	0.628	-0.602	2.73619217e-09	4.322160812e-10	-4.368745298e-10
692.257	0.663	-0.561	2.870997482e-09	4.287496096e-10	-4.337118296e-10
693.532	0.662	-0.612	2.861499802e-09	4.283771026e-10	-4.326724874e-10
694.850	0.543	-0.656	3.016176694e-09	4.6186328e-10	-4.65037648e-10
695.946	0.497	-0.553	3.495464494e-09	5.2786353e-10	-5.29714034e-10
696.891	0.443	-0.448	4.116419362e-09	6.22216988e-10	-6.23942642e-10
697.989	0.697	-0.655	2.674950294e-09	4.096444724e-10	-4.124373896e-10
699.371	0.534	-0.685	2.967705384e-09	4.522810198e-10	-4.5692603e-10
700.434	0.480	-0.529	3.666194372e-09	5.5132398e-10	-5.57765786e-10
701.359	0.518	-0.446	3.805032112e-09	5.67443704e-10	-5.74344504e-10
702.252	0.476	-0.375	4.506337716e-09	6.57433768e-10	-6.65778742e-10
703.182	0.430	-0.454	4.149549104e-09	6.18635836e-10	-6.26137278e-10
704.229	0.526	-0.617	3.04134146e-09	4.533915038e-10	-4.58861886e-10
705.692	0.615	-0.938	2.125824582e-09	3.355862218e-10	-3.391702794e-10
707.021	0.704	-0.714	2.43267274e-09	3.626416254e-10	-3.669619348e-10
708.264	0.565	-0.538	3.082547408e-09	4.68299638e-10	-4.73672728e-10
709.507	0.704	-0.679	2.459704354e-09	3.736773212e-10	-3.77967031e-10
710.959	0.729	-0.748	2.302609912e-09	3.498115854e-10	-3.538297578e-10
712.469	0.650	-0.781	2.377088158e-09	3.611264004e-10	-3.652835876e-10
713.918	0.765	-0.8	2.208753584e-09	3.292633184e-10	-3.332121196e-10
715.193	0.566	-0.509	3.215624342e-09	4.88523068e-10	-4.9418127e-10
716.177	0.558	-0.419	3.537834044e-09	5.3747925e-10	-5.4371721e-10
717.322	0.559	-0.587	3.059539596e-09	4.561111e-10	-4.61624022e-10
718.484	0.530	-0.603	3.093215954e-09	4.61147776e-10	-4.66736062e-10
719.928	0.778	-0.914	2.012767686e-09	3.117183068e-10	-3.152306324e-10
721.319	0.714	-0.613	2.641221272e-09	3.93818895e-10	-3.986100024e-10
722.493	0.434	-0.459	3.757007084e-09	5.93213198e-10	-5.99653642e-10
723.505	0.606	-0.579	2.958471932e-09	4.411219722e-10	-4.464885246e-10
724.683	0.459	-0.571	3.354034868e-09	5.09645418e-10	-5.15615518e-10
725.652	0.494	-0.511	3.3783502e-09	5.23226374e-10	-5.29126558e-10
726.672	0.690	-0.525	2.712555114e-09	4.366713194e-10	-4.41225121e-10
727.877	0.470	-0.515	3.495957084e-09	5.3110963e-10	-5.37254974e-10
728.854	0.554	-0.506	3.202619966e-09	4.95924176e-10	-5.01376262e-10
730.133	0.747	-0.725	2.375841928e-09	3.541890988e-10	-3.583428356e-10
731.434	0.444	-0.554	3.48020056e-09	5.32614186e-10	-5.3853934e-10
732.375	0.454	-0.498	3.620112464e-09	5.50013282e-10	-5.56222186e-10
733.495	0.638	-0.666	2.642250036e-09	4.014429624e-10	-4.059682528e-10
734.751	0.710	-0.618	2.558647752e-09	3.962317688e-10	-4.005291512e-10
736.016	0.651	-0.555	2.85832725e-09	4.342644384e-10	-4.391592394e-10
737.219	0.433	-0.552	3.498788228e-09	5.31552734e-10	-5.3757459e-10
738.365	0.634	-0.712	2.560605854e-09	3.890064496e-10	-3.934690426e-10
739.800	0.623	-0.801	2.458011842e-09	3.664477798e-10	-3.708879906e-10
741.120	0.628	-0.698	2.526475042e-09	3.989847794e-10	-4.03312716e-10
742.453	0.602	-0.705	2.599015616e-09	4.02706853e-10	-4.072211112e-10
743.734	0.556	-0.678	2.752595644e-09	4.26517564e-10	-4.31294098e-10
744.955	0.424	-0.665	3.167171646e-09	4.81502866e-10	-4.87097962e-10
745.894	0.634	-0.515	3.043658222e-09	4.54073548e-10	-4.5954788e-10
747.230	0.585	-0.701	2.70872971e-09	4.04086786e-10	-4.0896547e-10
748.206	0.473	-0.392	4.029728516e-09	6.01100086e-10	-6.08374528e-10
749.604	0.855	-0.924	1.90255964e-09	2.947496028e-10	-2.980662544e-10
751.402	0.926	-0.944	1.836807274e-09	2.791512524e-10	-2.82420461e-10
753.125	0.726	-0.797	2.255240914e-09	3.427207864e-10	-3.467366888e-10
754.787	0.870	-0.935	1.90192404e-09	2.89013903e-10	-2.924007884e-10
756.709	0.958	-1.052	1.7424066e-09	2.598089456e-10	-2.629702384e-10
758.683	0.921	-1.015	1.781130076e-09	2.759240842e-10	-2.790319412e-10
760.366	0.732	-0.763	2.374746426e-09	3.542692752e-10	-3.585445024e-10
762.081	0.773	-0.983	1.963412438e-09	3.041819976e-10	-3.076044766e-10
764.009	1.112	-1.155	1.565765188e-09	2.33411161e-10	-2.36209617e-10
765.810	0.806	-0.69	2.338090012e-09	3.5522549e-10	-3.592339468e-10
767.550	0.954	-0.933	1.756226814e-09	2.827065718e-10	-2.855480216e-10
769.789	1.297	-1.284	1.33619691e-09	1.991942706e-10	-2.015416322e-10
772.269	1.400	-1.183	1.316229536e-09	1.9996203e-10	-2.022713918e-10
774.987	1.066	-1.318	1.405596258e-09	2.1768619e-10	-2.201394244e-10
777.155	1.006	-1.102	1.612790962e-09	2.45101661e-10	-2.479726662e-10
779.264	0.919	-1.103	1.72886151e-09	2.5780617e-10	-2.60942856e-10
781.371	0.848	-1.189	1.72080301e-09	2.56587634e-10	-2.597097466e-10
783.802	1.206	-1.582	1.221503798e-09	1.891673628e-10	-1.912958964e-10
785.852	0.865	-0.845	1.991751118e-09	3.0842944e-10	-3.118803848e-10
787.652	1.090	-0.935	1.681961494e-09	2.604730568e-10	-2.63402628e-10
789.681	1.041	-0.939	1.774164808e-09	2.646149896e-10	-2.67826177e-10
791.774	0.986	-1.053	1.69942642e-09	2.585110958e-10	-2.614505642e-10
793.970	1.224	-1.21	1.423634586e-09	2.166450772e-10	-2.19062945e-10
796.479	1.505	-1.285	1.206097308e-09	1.907731608e-10	-1.927020252e-10
799.539	1.249	-1.555	1.277608664e-09	1.909619794e-10	-1.93073488e-10
802.508	1.649	-1.72	1.077440064e-09	1.643481362e-10	-1.659389522e-10
805.402	0.887	-1.245	1.67872629e-09	2.622255422e-10	-2.637453526e-10
808.081	1.843	-1.791	9.84398212e-10	1.543814742e-10	-1.54799926e-10
811.188	1.367	-1.264	1.311000818e-09	2.059821154e-10	-2.062404414e-10
813.940	1.287	-1.385	1.30651212e-09	1.962002768e-10	-1.977299844e-10
816.706	1.402	-1.479	1.194799972e-09	1.818866556e-10	-1.838803058e-10
819.685	1.255	-1.577	1.215048826e-09	1.848026976e-10	-1.869168394e-10
822.833	1.493	-1.893	1.068400016e-09	1.596165482e-10	-1.61428099e-10
825.780	1.764	-1.454	1.126711776e-09	1.692313148e-10	-1.705263498e-10
829.049	1.397	-1.504	1.259604386e-09	1.898983482e-10	-1.918313894e-10
832.023	1.512	-1.577	1.120245454e-09	1.735226136e-10	-1.754819868e-10
835.098	1.616	-1.563	1.103977726e-09	1.6457727e-10	-1.665200722e-10
838.732	1.745	-2.018	9.06144048e-10	1.403264968e-10	-1.418566584e-10
842.454	1.660	-1.977	9.53137588e-10	1.448121984e-10	-1.464548158e-10
845.918	1.451	-1.805	1.066155894e-09	1.619769396e-10	-1.638559094e-10
849.085	1.592	-1.716	1.064708542e-09	1.587255732e-10	-1.606313744e-10
852.474	1.345	-1.797	1.10204187e-09	1.674346552e-10	-1.693329654e-10
855.833	1.615	-2.014	9.47498454e-10	1.439437872e-10	-1.45594622e-10
859.507	1.690	-2.059	9.30642342e-10	1.387350452e-10	-1.403727594e-10
863.325	1.796	-2.129	8.49932038e-10	1.341745244e-10	-1.355870546e-10
867.242	1.772	-2.121	8.93668582e-10	1.33235153e-10	-1.348531636e-10
871.320	2.173	-2.306	7.76542484e-10	1.16171336e-10	-1.173936856e-10
875.133	1.471	-1.639	1.10825259e-09	1.72884562e-10	-1.715409036e-10
878.764	1.743	-2.161	8.98002466e-10	1.35783682e-10	-1.361375296e-10
881.981	1.209	-1.474	1.28787769e-09	1.95755493e-10	-1.98043653e-10
885.412	2.078	-2.222	8.01321804e-10	1.241218748e-10	-1.255221016e-10
889.498	2.291	-2.008	8.32297316e-10	1.24513359e-10	-1.25820879e-10
894.048	1.976	-2.26	8.44259308e-10	1.26541604e-10	-1.277037532e-10
899.180	2.659	-3.155	5.978499e-10	9.08582936e-11	-9.19246942e-11
904.104	2.287	-2.265	7.74538982e-10	1.154744006e-10	-1.16877079e-10
908.465	2.321	-2.073	7.67908312e-10	1.212513236e-10	-1.225683322e-10
913.014	3.044	-2.228	6.68749718e-10	9.96917716e-11	-1.00886745e-10
918.638	2.773	-2.581	6.37773298e-10	9.895384e-11	-1.000053948e-10
924.657	2.844	-3.246	5.51849258e-10	8.7236781e-11	-8.81575838e-11
930.474	2.661	-2.973	6.15867798e-10	9.18085156e-11	-9.28992052e-11
935.991	2.299	-2.855	6.62453646e-10	1.006399506e-10	-1.017923842e-10
941.636	3.099	-3.347	5.22488624e-10	8.24821752e-11	-8.33688372e-11
947.255	2.465	-2.52	7.06326844e-10	1.053460238e-10	-1.066272572e-10
952.041	2.565	-2.321	7.00490674e-10	1.084756728e-10	-1.096731432e-10
957.179	2.497	-2.573	6.74925934e-10	1.045147044e-10	-1.056781248e-10
962.713	2.932	-3.037	5.8095656e-10	8.83096738e-11	-8.93411618e-11
968.599	2.803	-2.954	6.01187254e-10	9.13634594e-11	-9.24358982e-11
973.903	2.733	-2.501	6.44142464e-10	9.97445718e-11	-1.00845658e-10
979.440	2.267	-2.804	6.77519182e-10	1.030930034e-10	-1.04251566e-10
984.573	2.557	-2.866	6.70068134e-10	1.008795264e-10	-1.014734492e-10
988.825	2.650	-1.695	8.24416784e-10	1.264841276e-10	-1.271695314e-10
994.234	3.116	-2.76	5.74759006e-10	9.1034037e-11	-9.1877796e-11
1000.486	2.727	-3.136	5.84862322e-10	9.05656906e-11	-9.15768394e-11
1005.595	2.075	-2.382	8.14315284e-10	1.242251598e-10	-1.25424764e-10
1009.988	2.394	-2.318	7.70042566e-10	1.170781102e-10	-1.1843952e-10
1015.573	2.752	-3.191	5.83645148e-10	9.05549308e-11	-9.15123714e-11
1020.659	2.685	-2.334	7.07223948e-10	1.054576624e-10	-1.067422554e-10
1026.213	2.489	-2.87	6.55307232e-10	9.76945348e-11	-9.8877795e-11
1031.792	2.076	-3.089	6.59418202e-10	1.021101388e-10	-1.032361042e-10
1036.871	3.126	-3.003	5.63406282e-10	8.56426962e-11	-8.66454914e-11
1043.004	3.412	-3.007	5.2979303e-10	8.26860666e-11	-8.32210602e-11
1048.605	2.698	-2.19	7.11636828e-10	1.061521462e-10	-1.074369662e-10
1054.288	2.267	-2.985	4.33080361e-10	8.13516244e-11	-8.19682926e-11
1059.271	2.539	-2.716	4.451967584e-10	8.12858852e-11	-8.19241184e-11
1063.822	2.611	-2.011	7.48472118e-10	1.13716785e-10	-1.150069622e-10
1069.387	2.783	-2.955	5.92663858e-10	9.17782792e-11	-9.27753086e-11
1075.396	2.542	-3.226	5.81702936e-10	9.18615882e-11	-9.28599796e-11
1080.300	3.030	-2.363	4.29392973e-10	8.06686722e-11	-8.12882006e-11
1085.970	2.217	-2.64	7.30417446e-10	1.088909466e-10	-1.102086362e-10
1091.145	2.248	-2.957	6.36404488e-10	1.024590378e-10	-1.035295698e-10
1095.709	3.692	-2.316	4.33300324e-10	7.6200041e-11	-7.68477174e-11
1102.729	2.202	-3.328	6.16716324e-10	9.37771504e-11	-9.4860122e-11
1107.959	2.887	-3.028	5.79955944e-10	8.81371992e-11	-8.91700038e-11
1113.767	2.724	-2.921	4.171100484e-10	7.61540054e-11	-7.6758461e-11
1120.228	3.683	-3.736	4.74447706e-10	7.07307938e-11	-7.1560388e-11
1127.361	4.009	-3.451	4.70980054e-10	7.02114178e-11	-7.1040558e-11
1134.183	2.505	-2.812	4.245443438e-10	8.21857586e-11	-8.27455406e-11
1138.816	2.896	-2.128	6.83437526e-10	1.063130892e-10	-1.072551846e-10
1144.541	3.384	-2.829	5.45486448e-10	8.4574298e-11	-8.55000494e-11
1151.761	2.844	-3.836	3.331991352e-10	6.44207386e-11	-6.48801412e-11
1157.759	3.443	-3.153	5.21179288e-10	7.93288274e-11	-8.02080892e-11
1163.808	2.773	-2.606	4.048524116e-10	8.35132092e-11	-8.37367588e-11
1170.154	3.478	-3.573	4.218390032e-10	7.26736414e-11	-7.30346168e-11
1177.288	2.864	-3.657	5.24556594e-10	8.00052874e-11	-8.07859404e-11
1183.859	3.381	-3.707	4.84129256e-10	7.35553094e-11	-7.4416502e-11
1190.580	3.467	-3.34	5.06171864e-10	7.69032416e-11	-7.7776102e-11
1197.441	3.112	-3.394	5.28725676e-10	8.03264924e-11	-8.12438448e-11
1203.600	2.858	-3.047	3.770383286e-10	7.28979174e-11	-7.34223782e-11
1209.343	2.730	-2.885	4.14317222e-10	7.56498838e-11	-7.62646452e-11
1215.155	2.992	-3.082	5.76257206e-10	8.64594876e-11	-8.71921982e-11
1221.273	2.678	-3.126	3.867913836e-10	7.48153864e-11	-7.53545568e-11
1227.416	2.450	-3.465	5.58100838e-10	8.98778352e-11	-9.08137108e-11
1233.451	3.034	-3.585	3.365394402e-10	6.50692776e-11	-6.55393492e-11
1239.694	2.176	-3.209	4.207797304e-10	7.90543844e-11	-7.96617456e-11
1245.444	1.774	-3.574	4.327483508e-10	7.90924296e-11	-7.97105506e-11
1250.488	3.352	-3.27	5.31065138e-10	7.92245436e-11	-8.01813486e-11
1255.804	3.431	-1.964	4.348485548e-10	7.9671325e-11	-8.01696354e-11
1262.802	2.899	-3.568	4.450242384e-10	7.31630988e-11	-7.38746984e-11
1269.149	3.526	-3.448	4.79934296e-10	7.57647004e-11	-7.65619698e-11
1275.425	2.831	-2.75	4.172949172e-10	7.61881008e-11	-7.67896962e-11
1280.881	3.060	-2.625	4.08056562e-10	7.66521342e-11	-7.72243104e-11
1286.556	2.676	-2.615	4.053643874e-10	8.5850265e-11	-8.62869222e-11
1292.209	3.471	-2.977	3.642093328e-10	6.66339886e-11	-6.7114139e-11
1298.536	3.139	-2.857	3.708528056e-10	7.1868654e-11	-7.23086254e-11
1304.873	4.607	-3.198	4.47943413e-10	6.84747316e-11	-6.90332878e-11
1312.320	4.170	-2.84	4.263499472e-10	7.19498292e-11	-7.26295126e-11
1319.673	2.972	-3.183	3.80968425e-10	6.95556148e-11	-7.0108723e-11
1325.571	2.723	-2.926	5.71458426e-10	9.38118814e-11	-9.47221514e-11
1342.557	8.086	-9.466	3.622341604e-10	7.31077108e-11	-7.31077108e-11
1356.280	6.900	-5.637	4.05454688e-10	9.14373706e-11	-9.14373706e-11
1369.319	6.398	-6.139	4.059715216e-10	9.15539124e-11	-9.15539124e-11
1383.649	7.111	-7.933	4.031687526e-10	8.31776124e-11	-8.31776124e-11
1397.524	5.772	-6.764	4.00607103e-10	9.03441386e-11	-9.03441386e-11
1410.916	7.425	-7.619	4.028722452e-10	8.26250036e-11	-8.26250036e-11
1425.953	7.432	-7.612	4.410266322e-10	8.66808126e-11	-8.66808126e-11
1441.212	7.216	-7.828	4.069621042e-10	8.3760957e-11	-8.3760957e-11
1458.826	9.661	-10.398	2.92754636e-10	6.1269343e-11	-6.1269343e-11
1474.876	6.148	-6.389	4.08715316e-10	9.17804584e-11	-9.17804584e-11
1487.164	6.396	-6.14	4.206106608e-10	9.41844338e-11	-9.41844338e-11
1501.613	6.991	-8.053	3.512578932e-10	7.71698304e-11	-7.71698304e-11
1514.617	6.524	-6.013	4.047602496e-10	9.10214158e-11	-9.10214158e-11
1527.780	8.404	-6.64	3.365348094e-10	7.58946806e-11	-7.58946806e-11
1541.763	9.465	-5.579	3.707479316e-10	7.92472436e-11	-7.92472436e-11
1560.495	8.284	-9.267	2.897863386e-10	6.50739538e-11	-6.50739538e-11
1576.543	9.788	-7.764	2.890895848e-10	6.51021926e-11	-6.51021926e-11
1596.397	7.485	-10.066	3.873595646e-10	7.50974112e-11	-7.50974112e-11
1613.404	8.029	-9.523	2.860810176e-10	6.46084676e-11	-6.46084676e-11
1632.077	9.414	-10.644	2.54559616e-10	5.71635032e-11	-5.71635032e-11
1649.390	7.146	-7.898	3.873242888e-10	8.14630814e-11	-8.14630814e-11
1667.080	7.007	-10.545	3.530616352e-10	7.25810254e-11	-7.25810254e-11
1680.352	6.271	-6.265	4.250258108e-10	9.33763138e-11	-9.33763138e-11
1695.504	8.670	-8.881	3.212234778e-10	6.91062456e-11	-6.91062456e-11
1715.882	10.858	-11.708	2.609797208e-10	5.4889962e-11	-5.4889962e-11
1743.643	18.198	-16.902	2.821081544e-10	4.5569569e-11	-4.5569569e-11
5000.028	10.573	-19.515	1.212516414e-10	2.661029746e-11	-2.661029746e-11
5035.537	22.702	-24.937	8.49145256e-11	1.921647162e-11	-1.921647162e-11
5079.411	21.452	-21.172	9.57749774e-11	2.151208176e-11	-2.151208176e-11
5123.527	19.961	-22.664	1.034658282e-10	2.223969848e-11	-2.223969848e-11
5164.184	24.435	-20.696	9.48010112e-11	2.074614744e-11	-2.074614744e-11
5211.106	25.152	-22.487	8.99376724e-11	1.965389154e-11	-1.965389154e-11
5267.065	29.369	-30.806	6.69887896e-11	1.515981364e-11	-1.515981364e-11
5319.867	21.698	-23.433	9.00499012e-11	2.028688104e-11	-2.028688104e-11
5353.721	12.917	-12.156	1.63023682e-10	3.656214998e-11	-3.656214998e-11
5380.293	21.448	-13.655	1.159140088e-10	2.603551984e-11	-2.603551984e-11
5426.856	20.016	-25.116	9.44527024e-11	2.072890906e-11	-2.072890906e-11
5469.720	17.269	-22.848	1.052944494e-10	2.310827766e-11	-2.310827766e-11
5506.282	20.824	-19.293	1.00466795e-10	2.263365244e-11	-2.263365244e-11
5546.807	22.923	-19.701	1.02928156e-10	2.218470092e-11	-2.218470092e-11
5590.551	21.804	-20.821	9.8302577e-11	2.169764064e-11	-2.169764064e-11
5634.525	35.498	-22.17	6.9778892e-11	1.572013136e-11	-1.572013136e-11
5685.562	17.055	-15.54	1.246372556e-10	2.799486126e-11	-2.799486126e-11
5743.205	27.110	-40.587	5.92735136e-11	1.337349162e-11	-1.337349162e-11
5796.278	26.690	-25.963	8.4369998e-11	1.808572106e-11	-1.808572106e-11
5840.758	27.342	-17.79	8.93227748e-11	2.015331424e-11	-2.015331424e-11
5885.700	17.502	-17.6	1.202928842e-10	2.643761402e-11	-2.643761402e-11
5929.393	21.448	-26.191	8.8912268e-11	1.94574639e-11	-1.94574639e-11
5973.284	17.675	-22.442	1.104998772e-10	2.368697784e-11	-2.368697784e-11
6010.633	17.934	-19.675	1.070584664e-10	2.411865466e-11	-2.411865466e-11
6058.380	25.349	-29.812	7.31026714e-11	1.64196364e-11	-1.64196364e-11
6113.028	18.339	-29.3	8.8442151e-11	1.949325272e-11	-1.949325272e-11
6162.565	23.963	-31.198	7.33498744e-11	1.645054472e-11	-1.645054472e-11
6204.131	17.500	-17.602	1.190917818e-10	2.628630036e-11	-2.628630036e-11
6257.202	27.112	-35.571	6.3941587e-11	1.447021488e-11	-1.447021488e-11
6314.195	25.280	-29.881	7.67140144e-11	1.688409656e-11	-1.688409656e-11
6360.141	34.495	-20.666	7.34539766e-11	1.649855068e-11	-1.649855068e-11
6417.314	19.945	-22.679	9.5251697e-11	2.142660718e-11	-2.142660718e-11
6459.156	18.220	-21.897	1.061098788e-10	2.332050904e-11	-2.332050904e-11
6499.299	25.717	-21.922	8.50090938e-11	1.915126814e-11	-1.915126814e-11
6556.457	28.734	-31.442	6.72492948e-11	1.51502524e-11	-1.51502524e-11
6612.053	15.762	-26.862	1.091022382e-10	2.28678892e-11	-2.28678892e-11
6647.921	22.518	-20.106	9.96475066e-11	2.183782676e-11	-2.183782676e-11
6695.623	27.470	-25.184	7.69868684e-11	1.731798436e-11	-1.731798436e-11
6747.021	26.218	-23.928	8.0999502e-11	1.822061808e-11	-1.822061808e-11
6804.813	31.109	-31.574	6.45334214e-11	1.45602567e-11	-1.45602567e-11
6869.375	29.230	-33.453	6.49984536e-11	1.464316618e-11	-1.464316618e-11
6922.018	36.762	-23.413	6.71520934e-11	1.517389672e-11	-1.517389672e-11
6997.977	38.530	-39.197	5.18346782e-11	1.178366534e-11	-1.178366534e-11
7070.829	40.898	-34.321	5.34879192e-11	1.215949562e-11	-1.215949562e-11
7143.647	43.298	-31.921	5.36516316e-11	1.217826852e-11	-1.217826852e-11
7226.666	25.470	-39.72	6.20649326e-11	1.402438234e-11	-1.402438234e-11
7280.187	39.647	-28.051	5.99727644e-11	1.35312657e-11	-1.35312657e-11
7348.401	21.578	-28.568	8.0617688e-11	1.810759478e-11	-1.810759478e-11
7404.298	38.394	-34.318	5.6004532e-11	1.261696872e-11	-1.261696872e-11
7502.299	45.689	-59.608	6.5681088e-11	1.134374388e-11	-1.134374388e-11
10810.372	22.637	-22.495	6.4621225e-11	1.412286856e-11	-1.412286856e-11
10884.132	34.125	-51.123	3.219439758e-11	7.25650446e-12	-7.25650446e-12
10972.007	36.514	-53.749	3.045730278e-11	6.88701656e-12	-6.88701656e-12
11051.878	34.369	-43.358	3.561771194e-11	7.97703424e-12	-7.97703424e-12
11114.694	31.729	-28.447	4.58660764e-11	1.028865242e-11	-1.028865242e-11
11183.131	51.047	-36.709	3.07476494e-11	6.99760188e-12	-6.99760188e-12
11256.987	22.323	-22.809	6.12739738e-11	1.3766869e-11	-1.3766869e-11
11316.021	38.508	-36.711	3.628782956e-11	8.15305004e-12	-8.15305004e-12
11400.124	64.726	-45.596	2.485961444e-11	5.62126456e-12	-5.62126456e-12
11506.305	38.779	-41.455	3.738739032e-11	8.00569526e-12	-8.00569526e-12
11573.029	29.723	-27.945	4.75707556e-11	1.067103846e-11	-1.067103846e-11
11639.962	35.502	-37.21	3.742131774e-11	8.4617201e-12	-8.4617201e-12
11713.939	54.296	-38.475	3.101954092e-11	6.77927328e-12	-6.77927328e-12
11802.817	35.622	-34.583	3.841426114e-11	8.70021538e-12	-8.70021538e-12
11866.785	29.322	-28.346	4.98552836e-11	1.09789458e-11	-1.09789458e-11
11931.410	39.916	-35.303	3.937694998e-11	8.48089706e-12	-8.48089706e-12
12011.547	32.491	-40.221	3.764461764e-11	8.47140392e-12	-8.47140392e-12
12076.501	30.221	-32.462	4.78171868e-11	1.025387602e-11	-1.025387602e-11
12138.172	46.276	-31.451	3.491055246e-11	7.91941256e-12	-7.91941256e-12
12213.264	36.374	-28.816	4.183148736e-11	9.45894926e-12	-9.45894926e-12
12315.791	61.720	-66.153	2.129524682e-11	4.83859126e-12	-4.83859126e-12
12426.753	56.065	-49.242	2.599868682e-11	5.87883238e-12	-5.87883238e-12
12525.111	42.955	-42.293	3.378694786e-11	7.46321066e-12	-7.46321066e-12
12608.580	37.213	-40.513	3.705522576e-11	8.14772916e-12	-8.14772916e-12
12691.902	34.125	-46.109	3.436221126e-11	7.7204062e-12	-7.7204062e-12
12772.776	28.470	-46.749	3.67023815e-11	8.24618814e-12	-8.24618814e-12
12841.837	54.688	-40.59	2.871605388e-11	6.49328506e-12	-6.49328506e-12
12930.614	26.086	-34.09	4.5886007e-11	1.035913138e-11	-1.035913138e-11
13003.671	55.828	-46.972	2.686918642e-11	6.04654452e-12	-6.04654452e-12
13107.746	37.002	-48.247	3.237121696e-11	7.30805616e-12	-7.30805616e-12
13244.181	88.609	-99.433	2.573365978e-11	4.393638572e-12	-4.393638572e-12
16601.041	34.739	-27.944	2.930370694e-11	6.57907744e-12	-6.57907744e-12
16694.199	34.351	-58.419	2.058727922e-11	4.51421734e-12	-4.51421734e-12
16767.148	39.128	-38.598	2.321780062e-11	5.21270996e-12	-5.21270996e-12
16848.993	55.068	-42.717	1.8034696e-11	4.061384574e-12	-4.061384574e-12
16953.294	31.001	-49.233	2.366735142e-11	5.17958158e-12	-5.17958158e-12
17025.026	31.981	-40.731	2.500240652e-11	5.63050346e-12	-5.63050346e-12
17106.129	51.170	-49.122	1.800799172e-11	4.038943808e-12	-4.038943808e-12
17206.171	38.884	-48.872	1.520047388e-11	3.416253752e-12	-3.416253752e-12
17296.431	51.424	-51.376	1.098213288e-11	2.476019752e-12	-2.476019752e-12
17406.867	43.788	-59.012	1.72884789e-11	3.909236008e-12	-3.909236008e-12
17508.475	39.965	-57.82	1.92848985e-11	4.220485242e-12	-4.220485242e-12
17599.320	79.499	-50.881	1.491506224e-11	3.267300892e-12	-3.267300892e-12
17723.929	45.153	-45.11	2.127072174e-11	4.7901313e-12	-4.7901313e-12
17816.164	40.674	-47.082	2.190289404e-11	4.8073379e-12	-4.8073379e-12
17910.574	76.644	-53.736	1.384206956e-11	3.126749302e-12	-3.126749302e-12
18018.666	48.786	-31.448	2.24024257e-11	5.03986762e-12	-5.03986762e-12
18105.829	31.828	-38.376	2.709856992e-11	5.95923578e-12	-5.95923578e-12
18186.165	24.204	-48.508	2.486489446e-11	5.57685428e-12	-5.57685428e-12
18281.664	69.115	-71.295	1.34546986e-11	2.95595314e-12	-2.95595314e-12
18393.132	42.894	-42.354	2.08672701e-11	4.7184674e-12	-4.7184674e-12
18476.436	17.259	-40.409	3.265894854e-11	7.15428636e-12	-7.15428636e-12
18544.594	49.394	-50.899	1.901139074e-11	4.172699926e-12	-4.172699926e-12
18644.615	37.129	-50.627	2.058470958e-11	4.64508738e-12	-4.64508738e-12
18727.233	44.774	-45.49	1.996461368e-11	4.491432442e-12	-4.491432442e-12
18804.216	35.488	-32.209	2.683079618e-11	6.05456216e-12	-6.05456216e-12
18895.349	37.126	-55.645	1.971278442e-11	4.425787674e-12	-4.425787674e-12
18967.939	39.754	-35.465	2.441212026e-11	5.50316554e-12	-5.50316554e-12
19056.948	58.555	-49.255	1.707249748e-11	3.860399228e-12	-3.860399228e-12
22408.530	46.526	-56.273	1.886172964e-11	4.243227918e-12	-4.243227918e-12
22512.212	38.122	-57.156	2.011116942e-11	4.510610764e-12	-4.510610764e-12
22652.685	108.262	-102.352	8.91820802e-12	2.024727862e-12	-2.024727862e-12
22869.950	66.509	-109.002	1.107070828e-11	2.50064562e-12	-2.50064562e-12
23010.631	73.759	-74.172	1.132711386e-11	2.545685144e-12	-2.545685144e-12
23135.131	64.595	-50.741	1.21250234e-11	2.71963479e-12	-2.71963479e-12
23257.369	67.722	-57.643	1.529791136e-11	3.431074582e-12	-3.431074582e-12
23392.626	55.323	-67.535	1.589142102e-11	3.578635478e-12	-3.578635478e-12
23509.967	90.928	-62.018	1.24629129e-11	2.835284934e-12	-2.835284934e-12
23680.321	58.476	-79.426	1.487951404e-11	3.291125904e-12	-3.291125904e-12
23792.311	49.286	-53.514	1.066495032e-11	2.399572962e-12	-2.399572962e-12
23887.714	59.190	-46.117	9.93724734e-12	2.247477968e-12	-2.247477968e-12
23990.392	41.761	-43.488	1.234654816e-11	2.786582538e-12	-2.786582538e-12
24065.492	31.851	-33.34	1.632512268e-11	3.6617143e-12	-3.6617143e-12
24144.210	50.918	-46.867	1.082550742e-11	2.438222436e-12	-2.438222436e-12
24225.208	35.110	-30.08	1.62643457e-11	3.651851604e-12	-3.651851604e-12
24299.045	33.985	-38.727	1.461475032e-11	3.281467054e-12	-3.281467054e-12
24367.878	32.850	-34.848	1.557651754e-11	3.511929712e-12	-3.511929712e-12
24439.940	36.007	-39.212	1.474023138e-11	3.229243434e-12	-3.229243434e-12
24561.909	69.491	-85.962	1.180033622e-11	2.662809426e-12	-2.662809426e-12
24703.455	53.310	-72.055	8.40399854e-12	1.894790792e-12	-1.894790792e-12
24820.963	71.196	-64.198	1.325311352e-11	2.295120274e-12	-2.295120274e-12
28207.556	71.736	-56.136	7.88634774e-12	1.78009314e-12	-1.78009314e-12
28332.802	69.348	-53.51	8.22705204e-12	1.84730557e-12	-1.84730557e-12
28483.730	66.351	-81.58	6.77125564e-12	1.534836892e-12	-1.534836892e-12
28638.801	71.747	-88.72	6.29372482e-12	1.41319531e-12	-1.41319531e-12
28782.238	66.212	-71.69	7.29301514e-12	1.644442026e-12	-1.644442026e-12
28936.238	57.636	-87.788	7.24317048e-12	1.597990108e-12	-1.597990108e-12
29054.531	54.679	-60.657	8.71828004e-12	1.965813644e-12	-1.965813644e-12
29212.107	105.210	-102.896	5.04184706e-12	1.116803226e-12	-1.116803226e-12
29386.724	53.451	-69.407	8.67103226e-12	1.895928516e-12	-1.895928516e-12
29523.863	99.341	-83.689	7.96079012e-12	1.492187224e-12	-1.492187224e-12
80422.119	129.516	-231.537	2.191827102e-12	5.71854314e-13	-5.71854314e-13
80812.792	252.842	-261.157	1.541360418e-12	4.01678316e-13	-4.01678316e-13
81422.551	279.934	-356.917	1.766785038e-12	3.885807338e-13	-3.885807338e-13
82246.978	465.360	-355.002	1.2625286e-12	3.057975112e-13	-3.057975112e-13
86093.660	101.750	-126.415	3.495648818e-12	9.11327366e-13	-9.11327366e-13
86377.134	149.241	-181.723	2.406841956e-12	6.27471584e-13	-6.27471584e-13
86906.653	519.841	-380.278	1.058604512e-12	2.54061578e-13	-2.54061578e-13
354378.971	10749.561	-13286.995	2.835549616e-13	7.07205334e-14	-7.07205334e-14
420547.709	37941.070	-50609.446	1.617804938e-13	3.41345348e-14	-3.41345348e-14
516048.827	29138.317	-30027.768	9.66509704e-14	2.42931995e-14	-2.42931995e-14
606185.108	76702.681	-39293.394	6.82946752e-14	2.220319688e-14	-1.856297494e-14
