141.810	20.686	-36.982	2.498751e-11	5.6593548e-12	-5.6593548e-12
181.122	21.491	-18.626	3.8221236e-11	8.378622e-12	-8.378622e-12
228.927	23.832	-26.314	2.8647342e-11	6.4570716e-12	-6.4570716e-12
267.753	22.615	-14.994	3.8932416e-11	8.73333e-12	-8.73333e-12
309.396	13.567	-19.028	4.425246e-11	9.9267156e-12	-9.9267156e-12
343.680	21.908	-20.717	3.7071288e-11	7.984404e-12	-7.984404e-12
392.649	20.578	-27.061	3.07092672e-11	6.9107508e-12	-6.9107508e-12
431.953	11.361	-18.727	4.8411e-11	1.0859562e-11	-1.0859562e-11
464.992	23.453	-21.678	3.35979036e-11	7.3651212e-12	-7.3651212e-12
516.167	29.945	-27.722	4.7482884e-11	7.7874516e-12	-7.7874516e-12
3910.125	144.318	-136.501	6.3198288e-12	1.42046712e-12	-1.42046712e-12
4474.590	572.743	-420.146	2.83873356e-12	5.0777172e-13	-5.0777172e-13
12717.542	3846.170	-2588.193	6.8818536e-13	1.34855388e-13	-1.34855388e-13
39225.381	80102.670	-12485.4	7.4438748e-14	1.86453252e-14	-1.86453252e-14
189655.828 61272.865 -12677.677 1.475064e-13 0 0
