#READ TERR 1 2
#! PC_incbad
7287.087	9.375	-15.698	7.54635819e-11	1.649297748e-11	-1.649297748e-11
7311.499	17.559	-15.036	5.61796641e-11	1.266482427e-11	-1.266482427e-11
7341.466	10.158	-12.408	8.20351973e-11	1.840331143e-11	-1.840331143e-11
7367.079	17.139	-15.456	5.86794075e-11	1.286448947e-11	-1.286448947e-11
7400.623	16.190	-16.405	6.29535921e-11	1.35013557e-11	-1.35013557e-11
7443.029	18.916	-26.216	5.15023488e-11	1.034071024e-11	-1.034071024e-11
7471.220	10.783	-9.275	9.36034813e-11	2.106700575e-11	-2.106700575e-11
7496.029	11.048	-14.026	7.80384773e-11	1.705573359e-11	-1.705573359e-11
7525.483	19.202	-18.406	7.68615372e-11	1.36704477e-11	-1.36704477e-11
14208.515	20.314	-17.296	4.83562128e-11	1.088338881e-11	-1.088338881e-11
14242.241	11.661	-13.413	7.23050629e-11	1.632678908e-11	-1.632678908e-11
14280.568	10.944	-26.666	5.49231312e-11	1.176168511e-11	-1.176168511e-11
14313.298	15.823	-21.786	5.12243718e-11	1.124757284e-11	-1.124757284e-11
14355.314	28.969	-26.192	3.405389904e-11	7.67694333e-12	-7.67694333e-12
14410.410	21.509	-26.128	5.06915185e-11	1.001641228e-11	-1.001641228e-11
19705.320	12.289	-25.321	4.97085218e-11	1.11513185e-11	-1.11513185e-11
19771.288	36.583	-53.679	3.679983356e-11	6.18342116e-12	-6.18342116e-12
24291.142	36.996	-78.34	2.444683458e-11	5.56185434e-12	-5.56185434e-12
24372.004	36.369	-43.866	3.547688081e-11	8.02040078e-12	-8.02040078e-12
24457.881	38.248	-49.508	3.241090552e-11	7.32726449e-12	-7.32726449e-12
24529.971	28.842	-33.841	4.57588145e-11	1.029619549e-11	-1.029619549e-11
24588.390	30.598	-29.578	4.72118528e-11	1.063983228e-11	-1.063983228e-11
24672.127	42.139	-53.139	2.972414039e-11	6.79480403e-12	-6.79480403e-12
24760.014	36.994	-45.748	3.43970277e-11	7.800863e-12	-7.800863e-12
24858.655	66.226	-61.647	2.227496313e-11	5.05971088e-12	-5.05971088e-12
24964.232	50.913	-39.351	3.147693696e-11	7.1612597e-12	-7.1612597e-12
25064.900	48.030	-49.755	2.929643584e-11	6.66517537e-12	-6.66517537e-12
25165.820	42.389	-52.89	2.962819349e-11	6.71934459e-12	-6.71934459e-12
25256.361	64.677	-48.153	2.614824597e-11	5.83597553e-12	-5.83597553e-12
25371.791	54.554	-50.753	2.673196351e-11	6.12055822e-12	-6.12055822e-12
25476.104	43.012	-49.759	3.089573018e-11	6.95185036e-12	-6.95185036e-12
25582.269	62.213	-63.153	2.25914598e-11	5.13160487e-12	-5.13160487e-12
25700.382	39.378	-55.9	2.993527481e-11	6.75694194e-12	-6.75694194e-12
25762.322	25.077	-22.562	6.01844117e-11	1.352088668e-11	-1.352088668e-11
25833.273	36.868	-45.873	3.456667053e-11	7.80233188e-12	-7.80233188e-12
25909.121	31.224	-38.981	4.085658122e-11	9.23661207e-12	-9.23661207e-12
25973.561	34.482	-33.216	4.250687217e-11	9.62487036e-12	-9.62487036e-12
26040.630	42.618	-32.587	4.207452186e-11	9.06020983e-12	-9.06020983e-12
29992.311	39.746	-27.951	2.619978487e-11	5.91011554e-12	-5.91011554e-12
30070.286	36.991	-38.229	2.332637804e-11	5.26193808e-12	-5.26193808e-12
30137.984	36.991	-30.707	2.526830145e-11	5.70838366e-12	-5.70838366e-12
30205.058	30.092	-30.083	2.87808675e-11	6.46385341e-12	-6.46385341e-12
30264.982	40.374	-29.831	2.473792048e-11	5.62999073e-12	-5.62999073e-12
30330.995	21.999	-25.64	4.008581206e-11	8.60330275e-12	-8.60330275e-12
30373.230	19.882	-20.235	4.52726323e-11	9.92059775e-12	-9.92059775e-12
30429.086	31.723	-35.975	2.59615146e-11	5.85636905e-12	-5.85636905e-12
30507.559	58.558	-46.75	1.716623265e-11	3.860989083e-12	-3.860989083e-12
30622.266	39.129	-56.149	1.8088574e-11	4.122807549e-12	-4.122807549e-12
30686.580	14.932	-25.185	4.73409776e-11	1.009313137e-11	-1.009313137e-11
30726.456	27.710	-24.944	3.301402594e-11	7.42544033e-12	-7.42544033e-12
30800.671	38.744	-46.505	2.0144152e-11	4.57096241e-12	-4.57096241e-12
30878.389	31.231	-38.974	2.595539996e-11	5.71148368e-12	-5.71148368e-12
30937.374	27.407	-27.754	3.320793945e-11	7.29719515e-12	-7.29719515e-12
31006.144	26.335	-41.363	2.558458035e-11	5.78835222e-12	-5.78835222e-12
31072.409	30.274	-39.931	2.606546775e-11	5.74374353e-12	-5.74374353e-12
31135.022	37.867	-32.338	2.512626844e-11	5.68466381e-12	-5.68466381e-12
31216.758	31.350	-43.87	2.281100185e-11	5.13059715e-12	-5.13059715e-12
31280.449	25.328	-32.34	3.040237011e-11	6.82802463e-12	-6.82802463e-12
31340.643	35.339	-34.866	2.751809613e-11	5.90599499e-12	-5.90599499e-12
31412.585	31.094	-36.604	2.579342605e-11	5.80139707e-12	-5.80139707e-12
31479.117	24.737	-35.438	3.18812718e-11	6.83331516e-12	-6.83331516e-12
31535.876	23.139	-32.022	3.440978219e-11	7.39496107e-12	-7.39496107e-12
31590.224	41.504	-31.208	2.378156004e-11	5.38043058e-12	-5.38043058e-12
31675.238	41.739	-43.51	2.1228305e-11	4.67783197e-12	-4.67783197e-12
31758.230	36.458	-41.254	2.564955267e-11	5.40306585e-12	-5.40306585e-12
35753.276	19.184	-33.47	3.409486542e-11	7.67631991e-12	-7.67631991e-12
35810.690	39.497	-38.23	2.276591065e-11	5.139799e-12	-5.139799e-12
35885.739	29.638	-35.552	3.125308221e-11	6.69647447e-12	-6.69647447e-12
35942.954	32.599	-27.577	3.051377014e-11	6.84179538e-12	-6.84179538e-12
36002.880	27.834	-27.327	3.33411848e-11	7.50663011e-12	-7.50663011e-12
36062.931	20.437	-32.216	3.540063142e-11	8.01443132e-12	-8.01443132e-12
36120.720	45.390	-37.352	2.23824006e-11	5.06720473e-12	-5.06720473e-12
36196.821	24.449	-30.712	3.294080398e-11	7.46787986e-12	-7.46787986e-12
36252.608	28.838	-31.338	3.031429282e-11	6.80640135e-12	-6.80640135e-12
36326.069	30.597	-44.623	2.49665192e-11	5.64441479e-12	-5.64441479e-12
36374.968	16.800	-18.302	5.28260061e-11	1.182842948e-11	-1.182842948e-11
36438.378	43.654	-46.609	2.146349233e-11	4.70823864e-12	-4.70823864e-12
36505.223	19.434	-23.191	4.50165604e-11	1.010747003e-11	-1.010747003e-11
36557.623	34.731	-32.966	2.739658474e-11	6.20237569e-12	-6.20237569e-12
36658.194	34.453	-65.84	1.918808619e-11	4.231257863e-12	-4.231257863e-12
36723.507	26.808	-30.86	3.338471745e-11	7.32328485e-12	-7.32328485e-12
36790.047	43.010	-39.731	2.220540483e-11	5.02018349e-12	-5.02018349e-12
36883.071	32.727	-50.014	2.197631079e-11	4.96839266e-12	-4.96839266e-12
36954.461	49.083	-38.663	2.692114586e-11	5.31882729e-12	-5.31882729e-12
42744.076	46.644	-41.112	2.117499832e-11	4.75604129e-12	-4.75604129e-12
42825.942	39.997	-35.222	2.360814253e-11	5.34434481e-12	-5.34434481e-12
42915.705	35.483	-49.766	2.110444511e-11	4.74549866e-12	-4.74549866e-12
42983.651	55.293	-32.463	2.087096578e-11	4.70880228e-12	-4.70880228e-12
43077.174	47.019	-38.23	2.125573975e-11	4.81181603e-12	-4.81181603e-12
43157.318	47.109	-33.125	2.365593237e-11	5.2062829e-12	-5.2062829e-12
43234.451	40.178	-30.024	2.708914047e-11	5.94282374e-12	-5.94282374e-12
47989.015	46.645	-61.17	1.731933777e-11	3.889663841e-12	-3.889663841e-12
48076.149	32.223	-40.489	2.531124484e-11	5.70323831e-12	-5.70323831e-12
48135.196	50.903	-26.824	2.371802244e-11	5.3442466e-12	-5.3442466e-12
48228.061	33.258	-41.962	2.618059549e-11	5.7368731e-12	-5.7368731e-12
48320.108	56.547	-58.79	1.6735411e-11	3.690233491e-12	-3.690233491e-12
48452.493	54.543	-75.838	1.43791823e-11	3.250676702e-12	-3.250676702e-12
48550.654	56.675	-43.618	1.888851153e-11	4.265398648e-12	-4.265398648e-12
48659.348	53.288	-52.019	1.739994683e-11	3.933576521e-12	-3.933576521e-12
48759.136	61.314	-46.501	1.730521688e-11	3.916471328e-12	-3.916471328e-12
48909.852	83.596	-89.402	1.915640279e-11	3.218040665e-12	-3.218040665e-12
54306.810	81.375	-50.027	1.538673577e-11	3.363773203e-12	-3.363773203e-12
54479.288	89.423	-91.103	1.104681879e-11	2.50750626e-12	-2.50750626e-12
54645.167	76.489	-76.455	1.962792181e-11	3.663639504e-12	-3.663639504e-12
64515.391	54.415	-43.37	1.059257619e-11	2.38190848e-12	-2.38190848e-12
64632.229	40.377	-62.423	9.99406737e-12	2.260049085e-12	-2.260049085e-12
64720.619	29.714	-48.013	1.330124215e-11	2.980925003e-12	-2.980925003e-12
64797.217	30.843	-46.884	1.319509849e-11	2.970472043e-12	-2.970472043e-12
64875.820	42.503	-47.76	1.140780459e-11	2.571016532e-12	-2.571016532e-12
64963.392	32.658	-45.069	1.378905976e-11	3.041454815e-12	-3.041454815e-12
65042.305	56.546	-46.255	9.92585412e-12	2.244622856e-12	-2.244622856e-12
65130.566	40.997	-31.715	1.405978203e-11	3.179465485e-12	-3.179465485e-12
65213.431	35.859	-41.868	1.320950974e-11	2.977072609e-12	-2.977072609e-12
65291.784	40.248	-42.494	1.23384212e-11	2.783894393e-12	-2.783894393e-12
65387.687	42.130	-55.656	1.046041115e-11	2.357499025e-12	-2.357499025e-12
65493.119	54.543	-63.301	1.319837358e-11	2.987367152e-12	-2.987367152e-12
65591.660	46.265	-43.998	1.983277079e-11	4.47896953e-12	-4.47896953e-12
65744.375	69.060	-106.45	1.372542395e-11	2.678463396e-12	-2.678463396e-12
70541.084	57.803	-75.085	9.25803893e-12	2.080461852e-12	-2.080461852e-12
70662.067	37.113	-63.18	1.180129363e-11	2.659921348e-12	-2.659921348e-12
70774.207	57.861	-75.027	9.14076338e-12	2.025236661e-12	-2.025236661e-12
70878.952	33.351	-46.884	1.466564806e-11	3.285846984e-12	-3.285846984e-12
70987.767	39.873	-75.464	1.013116426e-11	2.281210778e-12	-2.281210778e-12
71078.655	61.814	-51.015	1.04565468e-11	2.352130354e-12	-2.352130354e-12
71251.280	82.246	-110.81	1.126725327e-11	1.866311531e-12	-1.866311531e-12
75977.241	46.643	-58.665	9.72375502e-12	2.204400737e-12	-2.204400737e-12
76072.394	69.335	-48.51	8.63721936e-12	1.951844755e-12	-1.951844755e-12
76205.294	81.859	-63.566	1.218747243e-11	2.696655304e-12	-2.696655304e-12
76333.912	30.969	-46.758	1.314193272e-11	2.954142709e-12	-2.954142709e-12
76435.954	61.815	-71.074	9.33853697e-12	2.110136217e-12	-2.110136217e-12
76569.688	73.506	-71.919	1.282959503e-11	2.838548258e-12	-2.838548258e-12
76738.247	115.560	-95.053	7.46953235e-12	1.357204128e-12	-1.357204128e-12
87496.028	100.832	-147.393	1.048320868e-11	2.367500646e-12	-2.367500646e-12
87729.204	133.433	-132.344	1.04253331e-11	2.357369644e-12	-2.357369644e-12
88102.183	211.763	-239.546	1.163918308e-11	1.904835044e-12	-1.904835044e-12
93160.212	52.784	-60.045	9.19494114e-12	2.062693955e-12	-2.062693955e-12
93284.321	71.592	-71.325	7.20702983e-12	1.621987682e-12	-1.621987682e-12
93413.326	50.403	-57.412	9.63118142e-12	2.167557896e-12	-2.167557896e-12
93567.873	121.514	-104.145	1.231000008e-11	2.775367203e-12	-2.775367203e-12
93799.193	75.737	-109.805	5.56136329e-12	1.251619838e-12	-1.251619838e-12
93988.112	84.897	-113.182	5.19456602e-12	1.17414325e-12	-1.17414325e-12
94131.174	42.128	-58.165	1.03951015e-11	2.33695819e-12	-2.33695819e-12
94252.900	73.349	-79.598	6.71365695e-12	1.52080747e-12	-1.52080747e-12
94394.065	67.580	-67.816	7.60826465e-12	1.723458254e-12	-1.723458254e-12
94509.781	37.112	-48.137	1.216812933e-11	2.732609558e-12	-2.732609558e-12
94606.687	63.065	-59.793	8.4506289e-12	1.901867394e-12	-1.901867394e-12
94742.634	62.502	-72.882	7.95994612e-12	1.756756995e-12	-1.756756995e-12
98950.787	68.708	-64.18	8.00025065e-12	1.794221121e-12	-1.794221121e-12
99073.649	51.153	-54.154	9.98858469e-12	2.251284056e-12	-2.251284056e-12
99204.491	58.215	-79.688	8.06939049e-12	1.769197213e-12	-1.769197213e-12
99334.282	66.326	-71.577	7.75716809e-12	1.743154056e-12	-1.743154056e-12
99497.755	83.381	-97.147	5.82167103e-12	1.319995775e-12	-1.319995775e-12
99644.692	51.781	-63.556	9.21180337e-12	2.080345708e-12	-2.080345708e-12
99788.731	75.733	-92.258	6.33336648e-12	1.428871381e-12	-1.428871381e-12
99972.260	87.775	-107.797	1.045589776e-11	2.349476122e-12	-2.349476122e-12
100140.515	44.886	-80.48	8.35054864e-12	1.889609078e-12	-1.889609078e-12
100268.882	76.987	-83.481	6.66622579e-12	1.496519283e-12	-1.496519283e-12
100430.855	100.552	-84.985	7.06336995e-12	1.425045461e-12	-1.425045461e-12
105679.944	91.277	-81.728	5.94770435e-12	1.338888817e-12	-1.338888817e-12
105846.319	77.846	-75.098	7.42530796e-12	1.589514332e-12	-1.589514332e-12
139174.434	167.149	-178.861	4.48145467e-12	1.017044399e-12	-1.017044399e-12
139503.263	146.719	-161.681	5.10340152e-12	1.151032729e-12	-1.151032729e-12
139860.477	140.530	-210.495	3.330889933e-12	8.70705521e-13	-8.70705521e-13
140248.593	218.765	-247.586	4.8395326e-12	9.08665394e-13	-9.08665394e-13
144884.407	81.877	-126.23	5.42340813e-12	1.224065528e-12	-1.224065528e-12
145134.240	180.558	-167.956	4.224433549e-12	8.36839297e-13	-8.36839297e-13
150419.497	91.153	-111.939	5.51317634e-12	1.25652863e-12	-1.25652863e-12
150632.471	141.445	-121.82	6.81074394e-12	1.222987353e-12	-1.222987353e-12
157485.156	79.871	-148.295	4.71982315e-12	1.067461143e-12	-1.067461143e-12
158981.590	4515.899	-1416.563	7.12935853e-12	1.404662616e-12	-1.404662616e-12
180485.869	178.248	-192.832	3.001098618e-12	7.01316756e-13	-7.01316756e-13
186221.843	164.475	-168.996	3.678832164e-12	7.74794489e-13	-7.74794489e-13
193966.586	8166.627	-2093.398	2.720423405e-12	6.14980345e-13	-6.14980345e-13
220107.561	6227.513	-6567.589	2.539012455e-12	4.67233221e-13	-4.67233221e-13
253851.233	268.101	-268.465	1.52370253e-12	3.993132773e-13	-3.993132773e-13
254356.100	217.051	-236.766	2.066434902e-12	5.06067163e-13	-5.06067163e-13
273413.742	3539.774	-2609.497	2.163091049e-12	4.27835212e-13	-4.27835212e-13
288252.512	189.171	-289.726	1.774123939e-12	4.65725057e-13	-4.65725057e-13
288700.556	312.789	-258.872	1.698182416e-12	4.177208203e-13	-4.177208203e-13
293929.796	159.737	-241.433	2.035128116e-12	5.34423806e-13	-5.34423806e-13
294592.273	455.046	-502.74	1.532073011e-12	2.980854975e-13	-2.980854975e-13
305921.530	11103.121	-6433.158	1.744882979e-12	3.415740811e-13	-3.415740811e-13
339713.782	289.966	-171.381	1.955952922e-12	5.50093425e-13	-5.50093425e-13
341372.924	4040.394	-1369.177	1.560659807e-12	3.617430418e-13	-3.617430418e-13
351247.618	201.439	-249.216	1.790473769e-12	5.46732508e-13	-5.46732508e-13
351860.873	352.908	-411.816	1.519858249e-12	3.354274588e-13	-3.354274588e-13
357407.455	426.328	-521.431	1.549966446e-12	3.07798253e-13	-3.07798253e-13
362673.059	137.791	-257.677	2.182755253e-12	5.87911534e-13	-5.87911534e-13
364511.342	4011.035	-1700.493	1.461758921e-12	2.810534496e-13	-2.810534496e-13
456218.955	4034.120	-2196.373	7.79038015e-13	1.81341349e-13	-1.81341349e-13
563726.279	10603.383	-6746.059	5.52477366e-13	1.002221094e-13	-1.002221094e-13
611008.139	20489.382	-8329.121	5.86232143e-13	1.118336912e-13	-1.118336912e-13
722417.646	52947.252	-33466.681	1.969090431e-13	5.81544964e-14	-5.81544964e-14
859368.432	14148.868	-16355.994	4.044298048e-13	8.2846113e-14	-8.2846113e-14
950140.175	8741.365	-9724.173	2.657470795e-13	6.07352844e-14	-6.07352844e-14
1108591.878	74061.216	-52703.716	1.489787201e-13	3.74172414e-14	-3.74172414e-14
1275783.969	73189.196	-82341.161	1.207308767e-13	3.293960411e-14	-3.293960411e-14
1452339.877	97213.009	-35642.635	8.06736651e-14	2.199461201e-14	-2.199461201e-14
1753101.639	250351.370	-124273.599	6.53795072e-14	1.878718016e-14	-1.878718016e-14
#NO NO NO NO NO NO
#! PCUL_incbad
2007949.410 666.047 -666.047 8.948639e-13 0 0

