78.6191104847154	0.328413543211965	-0.319177485207533	1.42539076468189e-08	1.75181639610489e-09	-1.71700272146247e-09
79.4098368787535	0.386323120720135	-0.462312850826066	1.06802330609274e-08	1.35765686153732e-09	-1.29559814473731e-09
80.14604078838	0.384872223750733	-0.349880788906361	1.24305381899298e-08	1.54372806400191e-09	-1.50854337320903e-09
80.8621019840951	0.291507010491799	-0.331188971964409	1.46017838562809e-08	1.80637808815313e-09	-1.77198649386527e-09
81.5700162850731	0.300583716841928	-0.416407290486177	1.27020276055323e-08	1.57713193207301e-09	-1.54124986499383e-09
82.1213227565327	0.288355242589901	-0.250722754617698	1.69650264922204e-08	2.11854434004108e-09	-2.05912749485481e-09
82.8039393619169	0.468617615458143	-0.394261362794254	1.06377163418565e-08	1.31443916698787e-09	-1.290846720944e-09
83.8668979166587	0.529188060895549	-0.59434093928374	1.06586860206448e-08	1.15675063248517e-09	-1.13714066868887e-09
91.702	0.330	-0.307	4.59119808e-09	5.69138528e-10	-5.69135784e-10
92.291	0.289	-0.259	5.39416304e-09	6.59011976e-10	-6.59009232e-10
92.837	0.280	-0.257	5.50133976e-09	6.72104776e-10	-6.72102424e-10
93.400	0.242	-0.283	5.63205216e-09	6.88074072e-10	-6.88072112e-10
93.978	0.314	-0.337	4.44241448e-09	5.58815992e-10	-5.58814424e-10
94.533	0.284	-0.24	5.63176992e-09	6.88037616e-10	-6.88036048e-10
95.073	0.278	-0.256	3.802219288e-09	5.60609784e-10	-5.60609392e-10
95.601	0.278	-0.25	5.61781472e-09	6.911058e-10	-6.91105016e-10
96.228	0.299	-0.349	4.56429904e-09	5.57621568e-10	-5.57620784e-10
96.795	0.266	-0.268	5.4787292e-09	6.79151368e-10	-6.79150976e-10
97.332	0.230	-0.271	5.8785888e-09	7.3853976e-10	-7.38539368e-10
97.842	0.348	-0.28	4.6562544e-09	5.77195696e-10	-5.77195696e-10
98.494	0.371	-0.304	4.38364584e-09	5.35550008e-10	-5.35549616e-10
99.096	0.290	-0.231	6.09347928e-09	7.1812636e-10	-7.1812636e-10
99.621	0.274	-0.235	5.80909896e-09	7.09696792e-10	-7.09696792e-10
100.148	0.256	-0.253	5.8091068e-09	7.09697576e-10	-7.09697576e-10
100.747	0.326	-0.343	4.418722e-09	5.39834568e-10	-5.39834568e-10
101.394	0.378	-0.322	4.13713272e-09	5.20409008e-10	-5.204094e-10
102.083	0.276	-0.312	4.91553104e-09	6.18323944e-10	-6.18323944e-10
102.646	0.259	-0.287	5.33873032e-09	6.61795176e-10	-6.61795176e-10
103.198	0.215	-0.292	5.81306992e-09	7.10181304e-10	-7.10181696e-10
103.642	0.273	-0.23	5.9413088e-09	7.20491688e-10	-7.20491688e-10
104.226	0.318	-0.31	4.6931416e-09	5.73359976e-10	-5.73359976e-10
104.901	0.253	-0.357	4.77840552e-09	5.92336696e-10	-5.92336696e-10
105.479	0.355	-0.325	4.33681752e-09	5.29827984e-10	-5.29827984e-10
106.170	0.384	-0.336	4.09052392e-09	4.99738064e-10	-4.99738456e-10
106.884	0.270	-0.329	4.91591912e-09	6.00576144e-10	-6.00576536e-10
107.522	0.249	-0.369	4.84538264e-09	5.8759036e-10	-5.8759036e-10
108.079	0.302	-0.308	4.77829968e-09	5.92323368e-10	-5.92323368e-10
108.722	0.278	-0.341	4.76053032e-09	5.8159276e-10	-5.8159276e-10
109.289	0.294	-0.288	5.01210024e-09	6.21305496e-10	-6.21305496e-10
109.865	0.278	-0.283	5.25925232e-09	6.4252132e-10	-6.4252132e-10
110.518	0.352	-0.376	4.067686e-09	5.00406032e-10	-5.00406032e-10
111.205	0.386	-0.335	4.0906376e-09	4.99752176e-10	-4.99752176e-10
111.914	0.321	-0.323	4.57641968e-09	5.590998e-10	-5.59100192e-10
112.514	0.282	-0.279	5.20086e-09	6.35387312e-10	-6.35387704e-10
113.074	0.250	-0.278	5.41204216e-09	6.61187576e-10	-6.61187576e-10
113.571	0.297	-0.248	3.528139944e-09	5.25944832e-10	-5.25944832e-10
114.105	0.282	-0.237	3.802755936e-09	5.66335336e-10	-5.66335336e-10
114.626	0.286	-0.239	3.484856088e-09	5.54779568e-10	-5.54779568e-10
115.255	0.353	-0.342	4.067e-09	5.04150024e-10	-5.04150024e-10
115.905	0.315	-0.297	4.67259688e-09	5.7085e-10	-5.7085e-10
116.517	0.218	-0.296	3.735574192e-09	5.5686736e-10	-5.5686736e-10
117.077	0.342	-0.343	4.17509008e-09	5.10069224e-10	-5.10069616e-10
117.714	0.315	-0.295	3.866663304e-09	5.25788424e-10	-5.25788816e-10
118.296	0.276	-0.266	3.539609472e-09	5.27654736e-10	-5.27654736e-10
118.840	0.244	-0.268	3.748538808e-09	5.5879992e-10	-5.5879992e-10
119.435	0.334	-0.35	4.17500384e-09	5.1005864e-10	-5.10059032e-10
120.029	0.286	-0.26	3.516556344e-09	5.24218072e-10	-5.24218072e-10
120.592	0.243	-0.276	3.697264032e-09	5.51156312e-10	-5.51156312e-10
121.145	0.272	-0.31	4.91560944e-09	6.0053812e-10	-6.00538512e-10
121.754	0.315	-0.337	4.39181904e-09	5.36547256e-10	-5.36547648e-10
122.426	0.295	-0.358	4.37980032e-09	5.35079216e-10	-5.35079216e-10
123.015	0.284	-0.294	4.94556608e-09	6.04198224e-10	-6.04198224e-10
123.641	0.384	-0.342	3.93786736e-09	4.81088272e-10	-4.81088272e-10
124.356	0.306	-0.331	4.48784336e-09	5.4827864e-10	-5.4827864e-10
124.941	0.244	-0.279	3.670386552e-09	5.4714968e-10	-5.4714968e-10
125.449	0.277	-0.264	3.54964428e-09	5.29150608e-10	-5.29150608e-10
126.006	0.257	-0.28	5.32003584e-09	6.49946976e-10	-6.49947368e-10
126.572	0.369	-0.308	4.18972736e-09	5.22909576e-10	-5.22909576e-10
127.248	0.271	-0.307	3.267454848e-09	4.97771792e-10	-4.97771792e-10
127.842	0.325	-0.323	4.41386904e-09	5.3924108e-10	-5.3924108e-10
128.512	0.331	-0.345	4.22804144e-09	5.165384e-10	-5.16538792e-10
129.111	0.276	-0.268	3.649456104e-09	5.48722776e-10	-5.48722776e-10
129.601	0.290	-0.214	3.89790688e-09	5.74715904e-10	-5.74715904e-10
130.169	0.229	-0.278	3.870432776e-09	5.70664976e-10	-5.70665368e-10
130.681	0.251	-0.283	3.539736872e-09	5.39251664e-10	-5.39252056e-10
131.280	0.354	-0.349	2.731882496e-09	4.07245664e-10	-4.07245664e-10
131.986	0.289	-0.351	4.4152136e-09	5.47314712e-10	-5.47315104e-10
132.536	0.277	-0.261	3.890771304e-09	5.55825424e-10	-5.55825424e-10
133.080	0.236	-0.267	3.897779088e-09	5.74697088e-10	-5.74697088e-10
133.649	0.361	-0.333	4.0755456e-09	5.05209208e-10	-5.05209208e-10
134.356	0.273	-0.346	4.61645856e-09	5.63991176e-10	-5.63991176e-10
134.863	0.269	-0.234	3.836810544e-09	5.77846416e-10	-5.77846808e-10
135.455	0.295	-0.323	3.109541176e-09	4.63543528e-10	-4.6354392e-10
136.073	0.381	-0.323	4.01352336e-09	4.97520912e-10	-4.97520912e-10
136.762	0.295	-0.308	3.182922008e-09	4.7448268e-10	-4.7448268e-10
137.354	0.306	-0.297	3.182953368e-09	4.74487384e-10	-4.74487384e-10
137.997	0.313	-0.336	4.40166216e-09	5.37749912e-10	-5.37750304e-10
138.571	0.259	-0.261	3.695242096e-09	5.50854864e-10	-5.50855256e-10
139.162	0.338	-0.332	4.26133792e-09	5.20606576e-10	-5.20606576e-10
139.853	0.263	-0.353	3.118528168e-09	4.64883384e-10	-4.64883384e-10
140.381	0.268	-0.266	3.596696824e-09	5.36164664e-10	-5.36164664e-10
140.944	0.270	-0.294	3.295494608e-09	5.13160928e-10	-5.13160928e-10
141.452	0.324	-0.239	3.30591828e-09	5.147842e-10	-5.147842e-10
142.053	0.269	-0.277	3.514692384e-09	5.23940144e-10	-5.23940144e-10
142.642	0.270	-0.32	3.322250568e-09	4.89839672e-10	-4.89840064e-10
143.234	0.312	-0.321	2.982695856e-09	4.54391112e-10	-4.54391112e-10
143.867	0.378	-0.322	3.9567892e-09	5.05111992e-10	-5.05112384e-10
144.501	0.383	-0.256	3.8741948e-09	5.08707808e-10	-5.08707808e-10
145.167	0.238	-0.283	3.683625176e-09	5.49123008e-10	-5.491234e-10
145.641	0.298	-0.236	3.483162256e-09	5.42383744e-10	-5.42383744e-10
146.257	0.295	-0.318	3.02879584e-09	4.71631664e-10	-4.71631664e-10
146.892	0.311	-0.34	4.39055288e-09	5.36392416e-10	-5.36392808e-10
147.495	0.273	-0.291	3.404739128e-09	5.07549056e-10	-5.07549448e-10
148.054	0.281	-0.286	3.383346904e-09	5.04360136e-10	-5.04360528e-10
148.580	0.312	-0.245	3.393311152e-09	5.16944904e-10	-5.16945296e-10
149.243	0.314	-0.351	4.29660616e-09	5.24915048e-10	-5.2491544e-10
149.865	0.305	-0.307	3.087519792e-09	4.70360016e-10	-4.70360016e-10
150.494	0.258	-0.324	3.300556504e-09	4.92018408e-10	-4.920188e-10
151.072	0.311	-0.32	3.04022656e-09	4.532108e-10	-4.532108e-10
151.636	0.259	-0.253	3.747506672e-09	5.58646256e-10	-5.58646256e-10
152.180	0.277	-0.285	3.415444256e-09	5.09144888e-10	-5.0914528e-10
152.759	0.335	-0.302	3.014754008e-09	4.49413496e-10	-4.49413888e-10
153.426	0.318	-0.332	2.909917528e-09	4.43303784e-10	-4.43303784e-10
154.008	0.337	-0.265	3.1423896e-09	4.78719024e-10	-4.78719024e-10
154.683	0.365	-0.338	3.84254472e-09	4.87695824e-10	-4.87695824e-10
155.342	0.300	-0.294	3.236179912e-09	4.93007424e-10	-4.93007424e-10
155.928	0.356	-0.286	3.028845624e-09	4.61421632e-10	-4.61421632e-10
156.564	0.291	-0.28	3.461305904e-09	5.1598176e-10	-5.1598176e-10
157.164	0.298	-0.309	3.258272248e-09	4.85715048e-10	-4.8571544e-10
157.720	0.271	-0.257	3.907250592e-09	5.69931936e-10	-5.69931936e-10
158.267	0.238	-0.276	3.844535296e-09	5.73110272e-10	-5.73110272e-10
158.788	0.310	-0.284	3.326564136e-09	4.9589568e-10	-4.9589568e-10
159.415	0.255	-0.316	3.461279248e-09	5.1597784e-10	-5.1597784e-10
159.951	0.310	-0.281	3.34660396e-09	4.98883112e-10	-4.98883112e-10
160.604	0.276	-0.343	3.192742e-09	4.75946408e-10	-4.759468e-10
161.183	0.268	-0.303	3.461349808e-09	5.15988424e-10	-5.15988424e-10
161.788	0.366	-0.337	2.768109176e-09	4.21700272e-10	-4.21700272e-10
162.442	0.297	-0.288	3.377119984e-09	5.0343188e-10	-5.03432272e-10
163.006	0.281	-0.267	3.687535768e-09	5.4369812e-10	-5.43698512e-10
163.553	0.264	-0.266	3.728431168e-09	5.55802296e-10	-5.55802688e-10
164.076	0.330	-0.259	3.303296976e-09	5.0323196e-10	-5.0323196e-10
164.640	0.305	-0.234	3.667035736e-09	5.46650272e-10	-5.46650272e-10
165.303	0.352	-0.358	2.784642952e-09	4.15110752e-10	-4.15110752e-10
165.962	0.280	-0.307	3.265566976e-09	4.97484064e-10	-4.97484456e-10
166.494	0.284	-0.252	3.5872116e-09	5.3475072e-10	-5.3475072e-10
167.071	0.322	-0.294	3.071006008e-09	4.6784416e-10	-4.6784416e-10
167.802	0.294	-0.409	2.690046296e-09	4.09807776e-10	-4.09808168e-10
168.387	0.300	-0.291	3.200510656e-09	4.87573128e-10	-4.8757352e-10
169.026	0.282	-0.339	3.044605592e-09	4.6382224e-10	-4.63822632e-10
169.672	0.356	-0.364	2.623677952e-09	3.99697312e-10	-3.99697312e-10
170.393	0.274	-0.365	3.007690168e-09	4.48360584e-10	-4.48360584e-10
171.033	0.358	-0.366	2.610732936e-09	3.9772516e-10	-3.9772516e-10
171.675	0.289	-0.284	3.353263256e-09	4.99875656e-10	-4.99875656e-10
172.297	0.348	-0.333	2.774329432e-09	4.22647736e-10	-4.22648128e-10
172.940	0.370	-0.295	2.887034136e-09	4.30374056e-10	-4.30374448e-10
173.660	0.440	-0.35	2.43189744e-09	3.625263824e-10	-3.625264608e-10
174.433	0.338	-0.332	2.864101744e-09	4.26955816e-10	-4.26955816e-10
175.161	0.249	-0.39	2.95980384e-09	4.50903488e-10	-4.50903488e-10
175.677	0.372	-0.267	2.959799528e-09	4.50902704e-10	-4.50903096e-10
176.355	0.286	-0.306	3.246749408e-09	4.83997696e-10	-4.83997696e-10
177.050	0.434	-0.409	2.30825476e-09	3.51644972e-10	-3.516450504e-10
177.858	0.430	-0.374	2.459716504e-09	3.666734288e-10	-3.666735072e-10
178.717	0.378	-0.428	2.45426496e-09	3.658607344e-10	-3.658608128e-10
179.379	0.305	-0.284	3.358861408e-09	5.00710224e-10	-5.00710224e-10
179.980	0.272	-0.297	3.551524704e-09	5.23644576e-10	-5.23644576e-10
180.533	0.350	-0.28	3.140630304e-09	4.68178144e-10	-4.68178144e-10
181.276	0.409	-0.393	2.425922576e-09	3.6957074e-10	-3.695708184e-10
182.015	0.273	-0.33	3.35248788e-09	4.9429828e-10	-4.9429828e-10
182.576	0.283	-0.288	3.463564216e-09	5.16318488e-10	-5.16318488e-10
183.198	0.309	-0.339	3.005774072e-09	4.57906568e-10	-4.5790696e-10
183.765	0.282	-0.259	3.598988064e-09	5.48278248e-10	-5.48278248e-10
184.429	0.417	-0.382	2.39736028e-09	3.733071272e-10	-3.733071664e-10
185.146	0.377	-0.299	2.879225888e-09	4.38628008e-10	-4.38628008e-10
185.898	0.406	-0.375	2.532533248e-09	3.775283008e-10	-3.775283792e-10
186.680	0.271	-0.377	3.122223944e-09	4.60347552e-10	-4.60347552e-10
187.322	0.339	-0.371	2.749865496e-09	4.0992616e-10	-4.09926552e-10
188.037	0.274	-0.376	2.913246e-09	4.4381064e-10	-4.43811032e-10
188.727	0.441	-0.416	2.241758232e-09	3.341820384e-10	-3.341821168e-10
189.552	0.293	-0.384	2.836029056e-09	4.22770824e-10	-4.22770824e-10
190.319	0.490	-0.473	1.997278024e-09	2.977370536e-10	-2.97737132e-10
191.147	0.327	-0.338	2.889113304e-09	4.30684128e-10	-4.30684128e-10
191.852	0.374	-0.378	2.554505632e-09	3.808037744e-10	-3.808038136e-10
192.679	0.339	-0.453	2.428163248e-09	3.619697424e-10	-3.619697816e-10
193.429	0.391	-0.411	2.395895768e-09	3.571595888e-10	-3.57159628e-10
194.223	0.292	-0.403	2.719526264e-09	4.1429892e-10	-4.14299312e-10
194.859	0.349	-0.343	2.77770416e-09	4.14076264e-10	-4.14076264e-10
195.570	0.411	-0.362	2.489694312e-09	3.71142268e-10	-3.711423464e-10
196.399	0.345	-0.419	2.518714072e-09	3.754683016e-10	-3.7546838e-10
197.093	0.298	-0.35	2.96848076e-09	4.42515472e-10	-4.42515864e-10
197.670	0.326	-0.279	3.17805572e-09	4.7375748e-10	-4.7375748e-10
198.414	0.343	-0.418	2.525237736e-09	3.764407752e-10	-3.764408536e-10
199.129	0.367	-0.372	2.562897568e-09	3.9043788e-10	-3.904379192e-10
199.811	0.269	-0.315	3.295126912e-09	4.9120932e-10	-4.9120932e-10
200.463	0.290	-0.384	2.806412672e-09	4.27535584e-10	-4.27535584e-10
201.113	0.257	-0.359	3.12381272e-09	4.65671304e-10	-4.65671304e-10
201.691	0.321	-0.322	2.993910584e-09	4.46306504e-10	-4.46306504e-10
202.386	0.468	-0.375	2.243887576e-09	3.418391312e-10	-3.418392096e-10
203.303	0.462	-0.448	2.07734912e-09	3.16468264e-10	-3.164683424e-10
204.047	0.314	-0.282	3.22627368e-09	4.80945192e-10	-4.80945192e-10
204.636	0.329	-0.274	3.896690504e-09	5.25430528e-10	-5.25430528e-10
205.319	0.306	-0.354	2.913207976e-09	4.34276024e-10	-4.34276024e-10
206.063	0.432	-0.438	2.139889192e-09	3.332148176e-10	-3.332148568e-10
206.851	0.400	-0.357	2.543059624e-09	3.790975552e-10	-3.790975944e-10
207.572	0.446	-0.321	2.467755248e-09	3.7594368e-10	-3.759437584e-10
208.512	0.326	-0.494	2.344460664e-09	3.494920688e-10	-3.494921472e-10
209.228	0.311	-0.39	2.743212472e-09	4.089344e-10	-4.08934792e-10
209.958	0.305	-0.419	2.528770048e-09	4.02573416e-10	-4.02573416e-10
210.791	0.292	-0.528	2.307128936e-09	3.51473472e-10	-3.514735112e-10
211.452	0.306	-0.369	2.851675736e-09	4.25103224e-10	-4.25103616e-10
212.166	0.357	-0.408	2.51345108e-09	3.746837136e-10	-3.74683792e-10
212.885	0.276	-0.363	2.962635256e-09	4.51334688e-10	-4.5133508e-10
213.584	0.408	-0.423	2.314315472e-09	3.449982984e-10	-3.449983376e-10
214.428	0.386	-0.436	2.302134856e-09	3.507127176e-10	-3.507127568e-10
215.185	0.428	-0.371	2.407112848e-09	3.588317824e-10	-3.588318216e-10
216.005	0.350	-0.392	2.55061072e-09	3.885660408e-10	-3.885661192e-10
216.794	0.446	-0.44	2.1702492e-09	3.235221864e-10	-3.235222256e-10
217.808	0.450	-0.568	1.889484688e-09	2.816681504e-10	-2.816681896e-10
218.637	0.429	-0.378	2.342759384e-09	3.56901496e-10	-3.569015744e-10
219.440	0.354	-0.374	2.642508848e-09	3.93922368e-10	-3.9392276e-10
220.197	0.353	-0.404	2.543029048e-09	3.790929296e-10	-3.79093008e-10
221.017	0.497	-0.467	1.994073032e-09	2.97259284e-10	-2.972593232e-10
221.884	0.303	-0.369	2.859228792e-09	4.2622944e-10	-4.2622944e-10
222.663	0.467	-0.476	2.039222024e-09	3.039896888e-10	-3.039897672e-10
223.512	0.462	-0.383	2.27535224e-09	3.391899952e-10	-3.391900736e-10
224.352	0.393	-0.377	2.496096848e-09	3.720967096e-10	-3.72096788e-10
225.157	0.355	-0.412	2.50762988e-09	3.738159432e-10	-3.738160216e-10
225.900	0.429	-0.388	2.317188832e-09	3.530060744e-10	-3.530061136e-10
226.990	0.590	-0.661	1.537407536e-09	2.291835448e-10	-2.29183584e-10
227.992	0.311	-0.413	2.613273096e-09	3.98112064e-10	-3.98112064e-10
228.792	0.386	-0.489	2.161767888e-09	3.29328804e-10	-3.293288824e-10
229.610	0.413	-0.432	2.275334992e-09	3.39187408e-10	-3.391874472e-10
230.338	0.294	-0.314	3.059702688e-09	4.76444248e-10	-4.7644464e-10
231.093	0.322	-0.461	2.417297008e-09	3.682567952e-10	-3.682568344e-10
231.761	0.368	-0.346	2.6523602e-09	4.04066936e-10	-4.04066936e-10
232.551	0.417	-0.423	2.289816256e-09	3.41346152e-10	-3.413461912e-10
233.433	0.453	-0.465	2.061231648e-09	3.140128936e-10	-3.140129328e-10
234.430	0.443	-0.544	1.947375248e-09	2.902980304e-10	-2.902980696e-10
235.276	0.368	-0.402	2.496066272e-09	3.720921624e-10	-3.720922016e-10
236.237	0.462	-0.593	1.822616152e-09	2.716999824e-10	-2.717000216e-10
237.081	0.425	-0.382	2.380601496e-09	3.548796384e-10	-3.548797168e-10
237.991	0.512	-0.484	1.929990048e-09	2.877063616e-10	-2.877064008e-10
238.865	0.404	-0.362	2.50767496e-09	3.738226856e-10	-3.738227248e-10
239.788	0.438	-0.518	1.98064468e-09	3.017360808e-10	-3.0173612e-10
240.688	0.433	-0.462	2.114567952e-09	3.221383088e-10	-3.221383872e-10
241.537	0.442	-0.417	2.202192104e-09	3.354871632e-10	-3.354872024e-10
242.416	0.483	-0.437	2.090633608e-09	3.116537592e-10	-3.116537984e-10
243.445	0.395	-0.546	2.010698928e-09	3.0631468e-10	-3.063147192e-10
244.273	0.457	-0.432	2.127317752e-09	3.240805904e-10	-3.240806688e-10
245.133	0.398	-0.403	2.401952168e-09	3.580624432e-10	-3.580624824e-10
245.854	0.339	-0.323	2.859402448e-09	4.3560804e-10	-4.3560804e-10
246.624	0.353	-0.431	2.411927e-09	3.67438652e-10	-3.674387304e-10
247.476	0.417	-0.499	2.145391696e-09	3.163212248e-10	-3.16321264e-10
248.363	0.571	-0.47	1.818220264e-09	2.769919824e-10	-2.769920216e-10
249.332	0.428	-0.398	2.329434128e-09	3.472520632e-10	-3.472521416e-10
250.232	0.372	-0.473	2.27548944e-09	3.392104576e-10	-3.39210536e-10
250.993	0.444	-0.389	2.309517392e-09	3.44283016e-10	-3.442830944e-10
251.981	0.485	-0.544	1.869903896e-09	2.787492008e-10	-2.787492792e-10
253.040	0.535	-0.575	1.732094728e-09	2.582058136e-10	-2.582058528e-10
254.042	0.411	-0.466	2.241067528e-09	3.304278936e-10	-3.30427972e-10
255.027	0.605	-0.574	1.630182176e-09	2.4301354e-10	-2.430135792e-10
256.018	0.470	-0.386	2.247001624e-09	3.349636864e-10	-3.349637648e-10
256.942	0.463	-0.453	2.065259448e-09	3.146265304e-10	-3.146265696e-10
257.941	0.487	-0.536	1.849754312e-09	2.817959424e-10	-2.817960208e-10
258.980	0.421	-0.552	1.975880704e-09	2.945473104e-10	-2.945473496e-10
260.010	0.629	-0.609	1.552897024e-09	2.314925816e-10	-2.314926208e-10
261.037	0.605	-0.398	1.885848104e-09	2.872946048e-10	-2.87294644e-10
262.073	0.349	-0.43	2.389087512e-09	3.720189368e-10	-3.72018976e-10
262.800	0.385	-0.379	2.519471024e-09	3.755811192e-10	-3.755811976e-10
263.806	0.466	-0.621	1.768944688e-09	2.636991056e-10	-2.636991448e-10
264.748	0.529	-0.476	1.912964704e-09	2.851683576e-10	-2.85168436e-10
265.871	0.500	-0.594	1.701509712e-09	2.649521728e-10	-2.64952212e-10
266.899	0.552	-0.528	1.780598848e-09	2.654364104e-10	-2.654364888e-10
267.961	0.675	-0.51	1.622890192e-09	2.419265632e-10	-2.419266024e-10
269.161	0.413	-0.525	2.050901272e-09	3.05730796e-10	-3.057308352e-10
270.000	0.410	-0.427	2.153261096e-09	3.50533848e-10	-3.505339264e-10
270.947	0.508	-0.537	1.841269472e-09	2.744806344e-10	-2.744806736e-10
271.969	0.574	-0.515	1.805323072e-09	2.6618074e-10	-2.661807792e-10
273.001	0.483	-0.458	2.042800592e-09	3.045232008e-10	-3.045232792e-10
273.976	0.531	-0.492	1.849408568e-09	2.817432576e-10	-2.817432968e-10
274.962	0.371	-0.455	2.328891208e-09	3.47171076e-10	-3.471711544e-10
275.923	0.518	-0.591	1.73450004e-09	2.58564376e-10	-2.585644152e-10
276.926	0.492	-0.485	1.968293936e-09	2.934163512e-10	-2.934164296e-10
277.948	0.607	-0.53	1.691069576e-09	2.520901432e-10	-2.520901824e-10
279.026	0.517	-0.471	1.947015392e-09	2.902443264e-10	-2.902443656e-10
280.077	0.452	-0.535	1.916040336e-09	2.918941368e-10	-2.91894176e-10
281.090	0.712	-0.56	1.51134816e-09	2.252987856e-10	-2.252988248e-10
282.279	0.412	-0.477	2.126827752e-09	3.240059144e-10	-3.240059928e-10
283.147	0.425	-0.456	2.148391672e-09	3.272910704e-10	-3.272911096e-10
283.998	0.341	-0.426	2.5077122e-09	3.738282128e-10	-3.738282912e-10
284.860	0.512	-0.521	1.860280688e-09	2.773146768e-10	-2.773147552e-10
285.980	0.472	-0.608	1.72393172e-09	2.684435992e-10	-2.684436384e-10
286.874	0.457	-0.422	2.187900568e-09	3.261534472e-10	-3.261534864e-10
287.897	0.432	-0.566	1.926619632e-09	2.87203896e-10	-2.872039744e-10
288.943	0.457	-0.614	1.738266768e-09	2.70675804e-10	-2.706758824e-10
289.873	0.458	-0.472	2.066598912e-09	3.080708008e-10	-3.080708792e-10
290.911	0.666	-0.581	1.541846544e-09	2.298452408e-10	-2.2984528e-10
292.119	0.683	-0.541	1.570963912e-09	2.341858176e-10	-2.341858568e-10
293.384	0.553	-0.582	1.694080136e-09	2.52538944e-10	-2.525389832e-10
294.581	0.537	-0.644	1.627490704e-09	2.426123672e-10	-2.426124064e-10
295.600	0.477	-0.482	2.004916144e-09	2.98875696e-10	-2.988757744e-10
296.592	0.494	-0.515	1.948288216e-09	2.872598344e-10	-2.872599128e-10
297.752	0.562	-0.666	1.5661674e-09	2.334708096e-10	-2.334708488e-10
299.043	0.664	-0.73	1.380159872e-09	2.05742376e-10	-2.057424152e-10
300.219	0.409	-0.513	2.08619656e-09	3.109922984e-10	-3.109923376e-10
301.119	0.507	-0.491	1.92629192e-09	2.87155092e-10	-2.871551312e-10
302.160	0.509	-0.534	1.844112648e-09	2.749044648e-10	-2.749045432e-10
303.134	0.466	-0.465	2.000496736e-09	3.115091504e-10	-3.115091896e-10
304.120	0.380	-0.521	2.135719096e-09	3.183746776e-10	-3.183747168e-10
304.951	0.552	-0.451	1.916239472e-09	2.856565544e-10	-2.856565936e-10
305.945	0.462	-0.442	2.0937112e-09	3.189609136e-10	-3.189609528e-10
306.904	0.577	-0.498	1.789409832e-09	2.667498456e-10	-2.667498848e-10
308.115	0.588	-0.634	1.573247704e-09	2.345263088e-10	-2.34526348e-10
309.247	0.486	-0.543	1.869901936e-09	2.787489656e-10	-2.787490048e-10
310.161	0.507	-0.429	2.02208104e-09	3.080486136e-10	-3.08048692e-10
311.237	0.571	-0.569	1.659308168e-09	2.527829248e-10	-2.527830032e-10
312.378	0.491	-0.57	1.813428456e-09	2.703303736e-10	-2.703304128e-10
313.376	0.555	-0.507	1.81039124e-09	2.698775744e-10	-2.698776136e-10
314.515	0.604	-0.585	1.592224032e-09	2.42563132e-10	-2.425632104e-10
315.741	0.528	-0.621	1.672754944e-09	2.493599808e-10	-2.4936002e-10
316.875	0.793	-0.607	1.351167552e-09	2.058400624e-10	-2.058401016e-10
318.212	0.456	-0.544	1.922724328e-09	2.866232264e-10	-2.866232656e-10
319.275	0.590	-0.606	1.607959304e-09	2.397007872e-10	-2.397008264e-10
320.534	0.469	-0.669	1.688357328e-09	2.516858344e-10	-2.516858736e-10
321.644	0.773	-0.641	1.3893852e-09	2.048539472e-10	-2.048539864e-10
322.956	0.537	-0.539	1.757611184e-09	2.677586184e-10	-2.677586968e-10
324.079	0.594	-0.586	1.603867608e-09	2.443370104e-10	-2.443370496e-10
325.331	0.580	-0.658	1.552541872e-09	2.314395832e-10	-2.314396224e-10
326.493	0.477	-0.582	1.816361008e-09	2.70767532e-10	-2.707675712e-10
327.385	0.405	-0.415	2.232460384e-09	3.554016648e-10	-3.554017432e-10
328.430	0.583	-0.64	1.498056224e-09	2.384864888e-10	-2.38486528e-10
329.426	0.454	-0.414	2.17942396e-09	3.320185904e-10	-3.320186296e-10
330.617	0.650	-0.736	1.418208568e-09	2.09103776e-10	-2.091038152e-10
331.867	0.620	-0.6	1.550383912e-09	2.361891728e-10	-2.36189212e-10
332.917	0.582	-0.43	1.899397192e-09	2.831458728e-10	-2.83145912e-10
334.071	0.492	-0.572	1.80728464e-09	2.694145048e-10	-2.69414544e-10
335.131	0.471	-0.568	1.821189664e-09	2.774443112e-10	-2.774443896e-10
336.066	0.447	-0.464	2.077273856e-09	3.164568568e-10	-3.16456896e-10
337.237	0.620	-0.723	1.408562624e-09	2.1458374e-10	-2.145837792e-10
338.467	0.534	-0.61	1.680597688e-09	2.505291208e-10	-2.5052916e-10
339.506	0.519	-0.505	1.876083776e-09	2.796704792e-10	-2.796705184e-10
340.619	0.552	-0.594	1.677988144e-09	2.501400608e-10	-2.501401392e-10
341.783	0.437	-0.612	1.773278248e-09	2.761275832e-10	-2.761276616e-10
342.687	0.450	-0.467	2.06491292e-09	3.145736888e-10	-3.14573728e-10
343.831	0.604	-0.694	1.480330376e-09	2.206749496e-10	-2.206749888e-10
345.173	0.490	-0.738	1.541226008e-09	2.347940056e-10	-2.347940448e-10
346.309	0.705	-0.646	1.378437816e-09	2.14644696e-10	-2.146447352e-10
347.629	0.584	-0.615	1.577832144e-09	2.403707152e-10	-2.403707544e-10
348.966	0.782	-0.753	1.212374464e-09	1.887859848e-10	-1.88786024e-10
350.253	0.577	-0.505	1.816918824e-09	2.678904872e-10	-2.678905264e-10
351.387	0.578	-0.557	1.693870808e-09	2.525077408e-10	-2.5250778e-10
352.620	0.596	-0.655	1.537252696e-09	2.291604168e-10	-2.29160456e-10
354.039	0.623	-0.824	1.329239072e-09	1.981515704e-10	-1.981516096e-10
355.323	0.483	-0.661	1.6806706e-09	2.5053994e-10	-2.505400184e-10
356.738	0.659	-0.932	1.208804128e-09	1.801981272e-10	-1.801981664e-10
358.021	0.589	-0.624	1.559397168e-09	2.375622312e-10	-2.375622704e-10
359.259	0.545	-0.649	1.610642936e-09	2.401008232e-10	-2.401008624e-10
360.351	0.671	-0.548	1.527497384e-09	2.37855604e-10	-2.378556824e-10
361.794	0.799	-0.772	1.223943952e-09	1.82455028e-10	-1.824550672e-10
363.129	0.598	-0.535	1.669595424e-09	2.543501408e-10	-2.5435018e-10
364.282	0.559	-0.555	1.726404064e-09	2.573575256e-10	-2.573575648e-10
365.530	0.646	-0.69	1.439062184e-09	2.145230584e-10	-2.145230976e-10
367.220	0.842	-1.044	9.871148e-10	1.537095112e-10	-1.537095504e-10
368.802	0.725	-0.74	1.292222512e-09	1.968602048e-10	-1.96860244e-10
370.131	0.643	-0.604	1.517078808e-09	2.3111536e-10	-2.311153992e-10
371.659	0.842	-0.885	1.112968752e-09	1.659118048e-10	-1.65911844e-10
373.424	0.614	-0.923	1.278567976e-09	1.885148776e-10	-1.885149168e-10
374.753	0.648	-0.715	1.410792712e-09	2.103089016e-10	-2.103089408e-10
376.263	0.762	-0.862	1.145976328e-09	1.784467496e-10	-1.784467888e-10
377.681	0.426	-0.656	1.77741424e-09	2.6496162e-10	-2.649616984e-10
378.923	0.759	-0.816	1.182261024e-09	1.840968808e-10	-1.840968808e-10
380.185	0.445	-0.504	2.02768076e-09	3.0226924e-10	-3.022693184e-10
381.268	0.652	-0.638	1.490665848e-09	2.222156664e-10	-2.222157056e-10
382.662	0.598	-0.742	1.435235872e-09	2.139526592e-10	-2.139526984e-10
383.935	0.688	-0.675	1.388427936e-09	2.115164184e-10	-2.115164184e-10
385.190	0.615	-0.568	1.625183784e-09	2.422684264e-10	-2.422685048e-10
386.679	0.691	-0.873	1.229505256e-09	1.832840688e-10	-1.83284108e-10
388.293	0.765	-0.924	1.138812136e-09	1.697643416e-10	-1.697643808e-10
389.745	0.503	-0.687	1.615465712e-09	2.408197512e-10	-2.408197904e-10
390.761	0.617	-0.513	1.647748088e-09	2.565806208e-10	-2.5658066e-10
392.171	0.784	-0.793	1.219781696e-09	1.818346096e-10	-1.818346488e-10
393.753	0.738	-0.799	1.23092116e-09	1.875214712e-10	-1.875215104e-10
395.213	0.501	-0.722	1.57309012e-09	2.345027888e-10	-2.34502828e-10
396.353	0.691	-0.64	1.444803416e-09	2.15378912e-10	-2.153789512e-10
397.753	0.623	-0.709	1.474963896e-09	2.174719176e-10	-2.174719568e-10
399.103	0.670	-0.726	1.354813936e-09	2.063955264e-10	-2.063955656e-10
400.429	0.664	-0.656	1.456459536e-09	2.171164912e-10	-2.171165304e-10
401.750	0.657	-0.656	1.464258768e-09	2.18279124e-10	-2.182791632e-10
403.244	0.949	-0.837	1.059191056e-09	1.613596264e-10	-1.613596656e-10
404.785	0.568	-0.592	1.657425e-09	2.4707466e-10	-2.470747384e-10
405.749	0.652	-0.396	1.805479872e-09	2.750510728e-10	-2.75051112e-10
407.156	0.718	-0.755	1.28435076e-09	1.956609984e-10	-1.956610376e-10
408.439	0.548	-0.566	1.726234328e-09	2.573322416e-10	-2.573322808e-10
410.037	0.812	-1.049	1.016661016e-09	1.54880572e-10	-1.54880572e-10
411.549	0.591	-0.7	1.488433016e-09	2.218828584e-10	-2.218828976e-10
412.855	0.735	-0.715	1.325865128e-09	1.976485952e-10	-1.976486344e-10
414.179	0.701	-0.588	1.490443192e-09	2.221825032e-10	-2.221825424e-10
415.778	0.819	-0.898	1.119772304e-09	1.669260656e-10	-1.669261048e-10
417.011	0.558	-0.414	1.979106472e-09	2.950281768e-10	-2.950282552e-10
418.273	0.600	-0.704	1.427272392e-09	2.222490256e-10	-2.222490648e-10
419.778	0.813	-0.906	1.118604144e-09	1.667519392e-10	-1.667519392e-10
421.346	0.783	-0.755	1.25066228e-09	1.864380224e-10	-1.864380616e-10
422.687	0.612	-0.559	1.616059984e-09	2.46194424e-10	-2.461944632e-10
423.942	0.617	-0.643	1.526222992e-09	2.275162512e-10	-2.275162904e-10
425.213	0.776	-0.654	1.34401708e-09	2.00354532e-10	-2.003545712e-10
426.760	0.601	-0.771	1.4015078e-09	2.089247888e-10	-2.08924828e-10
427.959	0.652	-0.599	1.537072376e-09	2.291335256e-10	-2.291335648e-10
429.316	0.907	-0.705	1.200206e-09	1.807581776e-10	-1.807582168e-10
431.156	0.955	-0.933	1.018443832e-09	1.518208944e-10	-1.518209336e-10
433.125	0.854	-1.014	1.012932704e-09	1.54312564e-10	-1.543126032e-10
435.190	0.765	-1.211	9.57398064e-10	1.458523024e-10	-1.458523416e-10
436.931	0.893	-0.975	1.013012672e-09	1.543247552e-10	-1.543247552e-10
438.472	0.618	-0.648	1.518068216e-09	2.263005808e-10	-2.2630062e-10
439.897	0.822	-0.806	1.181263384e-09	1.760926328e-10	-1.760926328e-10
441.642	0.840	-0.923	1.0733156e-09	1.635114712e-10	-1.635115104e-10
443.166	0.693	-0.684	1.396388672e-09	2.081616432e-10	-2.081616824e-10
444.669	0.563	-0.81	1.399740272e-09	2.086612864e-10	-2.086613256e-10
445.983	0.594	-0.751	1.406603408e-09	2.142852712e-10	-2.142853104e-10
447.521	0.657	-0.944	1.181546408e-09	1.7999954e-10	-1.799995792e-10
449.056	0.863	-0.878	1.08621436e-09	1.654764888e-10	-1.65476528e-10
450.657	0.819	-0.737	1.215305448e-09	1.851425016e-10	-1.851425408e-10
452.425	0.769	-0.948	1.119791512e-09	1.669289272e-10	-1.669289664e-10
454.106	0.892	-0.912	1.065662976e-09	1.588598816e-10	-1.588599208e-10
455.663	0.706	-0.665	1.312318392e-09	2.136350216e-10	-2.136350608e-10
457.314	0.869	-0.944	1.060441928e-09	1.580816048e-10	-1.580816048e-10
459.334	1.039	-1.152	8.359008e-10	1.330731416e-10	-1.330731416e-10
461.242	0.676	-0.87	1.243489072e-09	1.853686464e-10	-1.853686856e-10
462.547	0.640	-0.628	1.491441224e-09	2.272097072e-10	-2.272097464e-10
463.935	0.807	-0.748	1.2363582e-09	1.843056992e-10	-1.843057384e-10
465.453	1.034	-0.711	1.101721488e-09	1.642351816e-10	-1.642352208e-10
467.156	0.619	-0.669	1.492823416e-09	2.225373024e-10	-2.225373416e-10
468.621	1.021	-0.845	1.013934656e-09	1.544652088e-10	-1.544652088e-10
470.579	0.779	-0.938	1.120016912e-09	1.669625216e-10	-1.669625608e-10
472.096	0.609	-0.738	1.427746712e-09	2.128362432e-10	-2.128362824e-10
473.514	0.891	-0.808	1.131732224e-09	1.6870896e-10	-1.6870896e-10
475.302	0.798	-0.897	1.134040712e-09	1.690530576e-10	-1.690530968e-10
477.123	1.242	-1.023	8.21849168e-10	1.279750248e-10	-1.279750248e-10
479.041	0.712	-0.676	1.385405616e-09	2.065243768e-10	-2.06524416e-10
480.506	0.673	-0.753	1.347391808e-09	2.008576248e-10	-2.00857664e-10
482.006	0.714	-0.827	1.247824592e-09	1.860149368e-10	-1.86014976e-10
483.577	0.695	-0.857	1.219505336e-09	1.857822848e-10	-1.85782324e-10
485.041	0.605	-0.77	1.397935112e-09	2.083921784e-10	-2.083922176e-10
486.559	0.711	-0.913	1.18354208e-09	1.764323008e-10	-1.7643234e-10
487.902	0.722	-0.632	1.419969824e-09	2.116769032e-10	-2.116769424e-10
489.676	0.811	-1.052	1.03205564e-09	1.53850004e-10	-1.538500432e-10
491.375	0.912	-0.888	1.050759528e-09	1.600751992e-10	-1.600752384e-10
493.385	1.015	-1.097	8.95853672e-10	1.364764856e-10	-1.364764856e-10
495.190	0.675	-0.791	1.290494968e-09	1.965970552e-10	-1.965970944e-10
496.648	0.844	-0.782	1.182251616e-09	1.762399464e-10	-1.762399856e-10
498.526	0.733	-1.034	1.088219048e-09	1.6222234e-10	-1.622223792e-10
500.258	0.877	-1	1.007971552e-09	1.535567488e-10	-1.535567488e-10
501.853	0.965	-0.718	1.14227624e-09	1.702807624e-10	-1.702807624e-10
503.861	0.965	-1.042	9.57973128e-10	1.42806384e-10	-1.428064232e-10
505.398	0.723	-0.572	1.484343672e-09	2.2127322e-10	-2.212732592e-10
506.889	0.649	-0.768	1.355855088e-09	2.021192376e-10	-2.021192768e-10
508.285	0.824	-0.747	1.223985896e-09	1.824613392e-10	-1.824613784e-10
509.972	0.835	-0.862	1.13289568e-09	1.688823808e-10	-1.6888242e-10
511.525	0.822	-0.718	1.248037056e-09	1.860466104e-10	-1.860466496e-10
513.189	0.671	-0.841	1.251278504e-09	1.9062274e-10	-1.906227792e-10
514.754	0.748	-0.895	1.17095104e-09	1.745553264e-10	-1.745553656e-10
516.424	0.834	-0.922	1.095027304e-09	1.632372672e-10	-1.632373064e-10
518.032	0.630	-0.774	1.378477016e-09	2.07606924e-10	-2.076069632e-10
519.441	0.775	-0.78	1.197235424e-09	1.864285752e-10	-1.864286144e-10
521.118	0.833	-0.902	1.108490544e-09	1.65244268e-10	-1.652443072e-10
522.809	0.679	-0.858	1.2509014e-09	1.864736552e-10	-1.864736944e-10
524.732	1.229	-1.244	7.65178512e-10	1.165690792e-10	-1.165691184e-10
526.831	0.707	-0.87	1.219840888e-09	1.818433904e-10	-1.818434296e-10
528.537	0.993	-0.999	9.64974248e-10	1.43850084e-10	-1.43850084e-10
530.412	0.729	-0.881	1.175189736e-09	1.790311824e-10	-1.790312216e-10
531.939	0.992	-0.798	1.040102616e-09	1.61960484e-10	-1.619605232e-10
534.074	0.876	-1.143	9.52200144e-10	1.419458264e-10	-1.419458656e-10
536.132	0.839	-1.182	9.51362048e-10	1.418208568e-10	-1.41820896e-10
538.075	0.945	-1.104	9.38139496e-10	1.398497632e-10	-1.398498024e-10
539.914	0.686	-0.893	1.216949496e-09	1.814123864e-10	-1.814124256e-10
541.309	0.828	-0.709	1.230831e-09	1.87507712e-10	-1.875077512e-10
542.814	0.770	-0.677	1.308043632e-09	1.99270456e-10	-1.992704952e-10
544.552	0.832	-0.969	1.067805648e-09	1.591793224e-10	-1.591793616e-10
546.376	0.909	-0.992	1.01181668e-09	1.508329368e-10	-1.50832976e-10
548.240	0.779	-0.955	1.090703936e-09	1.661604112e-10	-1.661604504e-10
550.016	0.819	-0.997	1.05844312e-09	1.577836456e-10	-1.577836456e-10
551.786	0.851	-0.951	1.049920256e-09	1.599473288e-10	-1.59947368e-10
553.553	1.318	-0.915	8.61166768e-10	1.283753744e-10	-1.283754136e-10
555.855	0.794	-0.985	1.080754976e-09	1.611096872e-10	-1.611097264e-10
557.819	1.113	-1.169	8.02153128e-10	1.277006248e-10	-1.27700664e-10
559.637	0.816	-0.705	1.264058096e-09	1.884349096e-10	-1.884349488e-10
561.296	1.131	-0.842	9.74532776e-10	1.45275004e-10	-1.452750432e-10
563.261	0.843	-0.835	1.091358184e-09	1.7374126e-10	-1.737412992e-10
564.914	0.738	-0.81	1.222468856e-09	1.862337904e-10	-1.862338296e-10
566.415	0.818	-0.763	1.215693528e-09	1.812251672e-10	-1.812252064e-10
568.075	1.142	-0.841	9.6927488e-10	1.444911608e-10	-1.444912e-10
569.987	0.710	-0.77	1.278315528e-09	1.947416016e-10	-1.947416408e-10
571.870	1.057	-1.172	8.35148552e-10	1.300458824e-10	-1.300459216e-10
573.768	0.815	-0.841	1.16098444e-09	1.730696072e-10	-1.730696072e-10
575.286	0.630	-0.703	1.420126624e-09	2.163454272e-10	-2.163454664e-10
576.740	0.711	-0.825	1.252481944e-09	1.867092864e-10	-1.867093256e-10
578.475	1.111	-1.024	9.00738384e-10	1.342743864e-10	-1.342743864e-10
580.586	1.026	-1	9.70057704e-10	1.430273936e-10	-1.430274328e-10
582.756	0.975	-1.144	9.0741728e-10	1.35269988e-10	-1.352700272e-10
584.604	0.999	-0.872	1.01090528e-09	1.540037072e-10	-1.540037464e-10
586.653	1.083	-1.05	8.86965856e-10	1.351224392e-10	-1.351224784e-10
588.816	1.053	-1.08	9.013256e-10	1.343618808e-10	-1.3436192e-10
590.592	0.770	-0.723	1.288043792e-09	1.920104984e-10	-1.920105376e-10
592.636	1.101	-1.274	7.70841736e-10	1.227159528e-10	-1.227159528e-10
594.753	1.003	-1.016	9.52124488e-10	1.419345368e-10	-1.41934576e-10
596.530	0.984	-0.773	1.058978984e-09	1.648998568e-10	-1.64899896e-10
598.776	0.902	-1.262	8.74553176e-10	1.332314704e-10	-1.332315096e-10
600.629	0.876	-0.952	1.052249912e-09	1.56860368e-10	-1.568604072e-10
602.965	0.704	-1.46	8.88697712e-10	1.324794184e-10	-1.324794184e-10
604.441	0.834	-0.773	1.196880664e-09	1.784207208e-10	-1.784207208e-10
606.288	0.974	-1.013	9.36794544e-10	1.45873784e-10	-1.458738232e-10
608.269	0.964	-1.007	9.7543124e-10	1.454089112e-10	-1.454089112e-10
610.182	0.782	-0.949	1.110768848e-09	1.655838968e-10	-1.655838968e-10
612.032	0.991	-1.067	9.34129728e-10	1.392520416e-10	-1.392520808e-10
614.016	1.220	-0.993	8.68737072e-10	1.29503864e-10	-1.29503864e-10
616.332	1.080	-1.096	8.83569176e-10	1.317149008e-10	-1.317149008e-10
618.574	1.146	-1.162	8.1989936e-10	1.249053904e-10	-1.249053904e-10
620.685	1.153	-0.966	8.92862712e-10	1.360208248e-10	-1.360208248e-10
622.872	0.977	-1.034	9.56289488e-10	1.425554256e-10	-1.425554648e-10
624.740	1.226	-0.891	9.08113472e-10	1.353737504e-10	-1.353737504e-10
627.024	0.968	-1.058	9.33739688e-10	1.422481368e-10	-1.422481368e-10
628.921	1.046	-0.929	9.73637448e-10	1.451414888e-10	-1.45141528e-10
630.876	0.762	-0.908	1.13261932e-09	1.725458952e-10	-1.725459344e-10
632.709	1.123	-1.071	8.76510824e-10	1.306626944e-10	-1.306627336e-10
634.663	1.207	-0.831	9.4304616e-10	1.405812352e-10	-1.405812352e-10
636.957	0.904	-1.087	9.65759032e-10	1.43967096e-10	-1.43967096e-10
638.905	0.906	-1.044	9.86034056e-10	1.469894944e-10	-1.469894944e-10
640.825	0.856	-1.014	9.95523592e-10	1.550188304e-10	-1.550188696e-10
642.920	1.033	-1.239	8.46275864e-10	1.261555176e-10	-1.261555568e-10
644.706	0.720	-0.753	1.305174192e-09	1.945641824e-10	-1.945642216e-10
646.462	0.998	-1.036	9.45479304e-10	1.409439528e-10	-1.409439528e-10
648.374	1.046	-0.914	9.65033832e-10	1.470155232e-10	-1.470155624e-10
650.412	0.965	-0.992	9.667994e-10	1.472845136e-10	-1.472845528e-10
652.254	1.089	-0.877	9.77983552e-10	1.457893864e-10	-1.457893864e-10
654.159	1.077	-0.816	1.01566024e-09	1.514059232e-10	-1.514059232e-10
656.565	1.046	-1.329	7.83740888e-10	1.220408896e-10	-1.220409288e-10
658.808	1.089	-1.197	8.1425652e-10	1.267926744e-10	-1.267926744e-10
660.777	1.003	-0.879	1.005227552e-09	1.531387592e-10	-1.531387592e-10
662.795	0.867	-1.015	9.88966608e-10	1.539978272e-10	-1.539978664e-10
664.594	0.892	-0.932	1.054353776e-09	1.571740464e-10	-1.571740464e-10
666.583	1.153	-1.097	8.5432284e-10	1.273551552e-10	-1.273551552e-10
668.567	0.800	-0.831	1.159636352e-09	1.766617384e-10	-1.766617776e-10
670.558	0.937	-1.191	8.8911872e-10	1.354504648e-10	-1.35450504e-10
672.575	1.148	-1.08	8.63086784e-10	1.286615736e-10	-1.286615736e-10
674.843	1.309	-1.12	7.7903336e-10	1.186798032e-10	-1.186798032e-10
677.310	0.974	-1.159	9.01229952e-10	1.343476512e-10	-1.343476904e-10
679.126	0.870	-0.841	1.123324216e-09	1.6745554e-10	-1.674555792e-10
681.310	1.012	-1.314	8.26789544e-10	1.2325068e-10	-1.232507192e-10
683.258	0.839	-0.936	1.082791416e-09	1.61413252e-10	-1.61413252e-10
685.125	0.810	-1.028	1.046092376e-09	1.559425e-10	-1.559425392e-10
686.733	0.969	-0.798	1.070922832e-09	1.631469112e-10	-1.631469504e-10
688.684	0.910	-0.983	1.015614768e-09	1.513991416e-10	-1.513991416e-10
690.834	1.329	-1.24	7.48332704e-10	1.115550072e-10	-1.115550072e-10
693.340	0.825	-1.176	9.6052152e-10	1.431863104e-10	-1.431863496e-10
695.277	1.135	-1.112	8.2835088e-10	1.28987404e-10	-1.289874432e-10
697.646	1.070	-1.234	8.34436288e-10	1.24390616e-10	-1.243906552e-10
699.910	1.169	-1.194	8.13793176e-10	1.213132984e-10	-1.213133376e-10
702.059	0.783	-0.98	1.073257584e-09	1.635025728e-10	-1.63502612e-10
704.205	1.343	-1.363	7.10585456e-10	1.05928004e-10	-1.059280432e-10
706.542	0.979	-0.994	9.4356556e-10	1.469281464e-10	-1.469281856e-10
709.023	1.502	-1.502	6.19901744e-10	9.65285888e-11	-9.65285888e-11
711.924	1.474	-1.4	6.6917144e-10	9.97543568e-11	-9.97543568e-11
714.944	1.093	-1.547	7.16663808e-10	1.09178272e-10	-1.091783112e-10
717.331	1.215	-1.294	7.66465448e-10	1.142581216e-10	-1.142581216e-10
719.289	0.903	-0.743	1.168334832e-09	1.741653256e-10	-1.741653648e-10
721.665	1.302	-1.473	6.92692616e-10	1.032606792e-10	-1.032607184e-10
724.005	0.937	-1.037	9.73473984e-10	1.451171064e-10	-1.451171456e-10
726.069	1.160	-1.126	8.40895664e-10	1.253535248e-10	-1.25353564e-10
728.366	1.283	-1.138	7.68670056e-10	1.196941816e-10	-1.196942208e-10
731.019	1.368	-1.37	6.68630088e-10	1.064441112e-10	-1.064441112e-10
733.438	0.967	-1.05	9.53084104e-10	1.420775776e-10	-1.420776168e-10
735.459	1.062	-1.053	8.80063912e-10	1.370399464e-10	-1.370399856e-10
737.530	1.104	-1.009	8.95289584e-10	1.3639052e-10	-1.363905592e-10
739.712	1.005	-1.078	9.22964784e-10	1.375876488e-10	-1.37587688e-10
742.049	0.887	-1.332	8.66673192e-10	1.291961832e-10	-1.291962224e-10
744.495	1.129	-1.559	7.15140104e-10	1.06606948e-10	-1.066069872e-10
746.667	0.934	-1.042	9.72619424e-10	1.449897456e-10	-1.449897848e-10
749.009	1.126	-1.408	7.58830464e-10	1.131199496e-10	-1.131199888e-10
751.310	1.269	-1.176	7.73936576e-10	1.179033296e-10	-1.179033688e-10
754.294	1.153	-1.715	6.59619184e-10	1.004879456e-10	-1.004879456e-10
756.657	1.178	-1.21	8.05133504e-10	1.200224032e-10	-1.200224424e-10
759.087	1.282	-1.253	7.58249912e-10	1.13033396e-10	-1.130334352e-10
761.575	1.161	-1.205	8.12396872e-10	1.211051464e-10	-1.211051856e-10
764.158	1.529	-1.422	6.30588448e-10	9.81926288e-11	-9.8192668e-11
767.430	1.549	-1.742	5.74793912e-10	8.75654696e-11	-8.75654696e-11
770.082	1.040	-1.104	8.9672548e-10	1.33676116e-10	-1.336761552e-10
772.650	1.545	-1.527	6.25683744e-10	9.32715784e-11	-9.32715784e-11
775.853	1.358	-1.658	6.07104512e-10	9.66494032e-11	-9.66494032e-11
778.327	1.014	-1.116	8.74055336e-10	1.3610436e-10	-1.3610436e-10
4255.439	11.729	-15.852	1.123335976e-10	2.3484328e-11	-2.3484328e-11
4280.825	13.924	-13.657	9.71881288e-11	2.182998216e-11	-2.182998216e-11
4308.281	16.556	-13.532	8.88828248e-11	1.990460752e-11	-1.990460752e-11
4339.871	20.068	-15.034	7.52276616e-11	1.692276936e-11	-1.692276936e-11
4382.600	27.486	-22.66	5.39828688e-11	1.212540672e-11	-1.212540672e-11
4428.130	12.043	-18.044	8.87177928e-11	1.995742952e-11	-1.995742952e-11
4451.576	13.671	-11.402	1.086098328e-10	2.428589744e-11	-2.428589744e-11
4478.913	11.407	-13.666	1.1367118e-10	2.484050688e-11	-2.484050688e-11
4512.494	17.943	-22.174	6.69627728e-11	1.508626896e-11	-1.508626896e-11
4544.599	10.911	-14.162	1.07295496e-10	2.402798104e-11	-2.402798104e-11
4574.066	14.040	-18.555	8.64903704e-11	1.892772784e-11	-1.892772784e-11
4605.046	15.655	-16.94	9.50904976e-11	1.99838464e-11	-1.99838464e-11
4643.542	22.291	-22.841	6.22322344e-11	1.367769928e-11	-1.367769928e-11
4685.502	15.433	-19.669	7.581476e-11	1.70291856e-11	-1.70291856e-11
4721.097	14.940	-20.162	8.3507368e-11	1.790129936e-11	-1.790129936e-11
4759.218	19.444	-23.181	6.2936188e-11	1.411522616e-11	-1.411522616e-11
4800.210	21.077	-21.547	6.30233296e-11	1.411357192e-11	-1.411357192e-11
4842.334	16.562	-21.048	7.07028056e-11	1.590488256e-11	-1.590488256e-11
4876.689	14.803	-17.792	8.1907224e-11	1.845315696e-11	-1.845315696e-11
4908.976	17.618	-17.485	8.68083608e-11	1.826726664e-11	-1.826726664e-11
4936.080	15.587	-9.486	1.129101904e-10	2.47448824e-11	-2.47448824e-11
4966.828	17.434	-15.161	8.3259428e-11	1.87013792e-11	-1.87013792e-11
5002.220	17.145	-17.957	7.92201032e-11	1.733669392e-11	-1.733669392e-11
5041.740	15.234	-22.375	7.45928568e-11	1.632404816e-11	-1.632404816e-11
5083.789	18.317	-26.814	5.82387736e-11	1.314063184e-11	-1.314063184e-11
5129.045	18.194	-26.938	5.94578936e-11	1.335518128e-11	-1.335518128e-11
5161.857	17.977	-14.618	8.66464256e-11	1.898903272e-11	-1.898903272e-11
5192.491	9.908	-12.658	1.186928176e-10	2.662024176e-11	-2.662024176e-11
5223.461	21.563	-21.062	6.6025932e-11	1.453236904e-11	-1.453236904e-11
5267.827	19.822	-22.803	6.34230128e-11	1.426726336e-11	-1.426726336e-11
5302.056	25.709	-14.408	6.66572872e-11	1.499482712e-11	-1.499482712e-11
5347.310	15.558	-19.545	7.7015652e-11	1.735111168e-11	-1.735111168e-11
5395.321	20.200	-32.454	5.54649816e-11	1.193892056e-11	-1.193892056e-11
5433.599	22.040	-18.078	7.04982208e-11	1.549443896e-11	-1.549443896e-11
5480.692	22.586	-25.053	6.20258072e-11	1.327816504e-11	-1.327816504e-11
5531.143	19.774	-27.865	5.8264332e-11	1.286102216e-11	-1.286102216e-11
5576.026	27.544	-25.109	5.30103952e-11	1.165088288e-11	-1.165088288e-11
5623.993	19.694	-20.423	6.70926816e-11	1.507007152e-11	-1.507007152e-11
5666.299	17.505	-22.612	7.09954336e-11	1.55367828e-11	-1.55367828e-11
5720.369	23.611	-36.564	4.63273048e-11	1.01820432e-11	-1.01820432e-11
5789.215	22.462	-45.235	3.95079944e-11	8.99585512e-12	-8.99585512e-12
5831.972	24.838	-20.294	5.89798104e-11	1.332796472e-11	-1.332796472e-11
5883.002	23.954	-26.192	5.5908216e-11	1.235876432e-11	-1.235876432e-11
5933.151	18.936	-26.196	6.28753496e-11	1.38788384e-11	-1.38788384e-11
5979.400	30.356	-27.312	4.64851632e-11	1.053636808e-11	-1.053636808e-11
6022.288	15.048	-12.532	9.808722e-11	2.19329684e-11	-2.19329684e-11
6054.584	12.840	-17.248	9.36558952e-11	2.05251984e-11	-2.05251984e-11
6090.351	24.712	-22.927	5.64656792e-11	1.274056056e-11	-1.274056056e-11
6133.607	21.573	-18.545	6.63497632e-11	1.497074264e-11	-1.497074264e-11
6177.846	19.958	-22.666	6.94152816e-11	1.488040624e-11	-1.488040624e-11
6217.349	20.572	-19.545	6.69331376e-11	1.505688072e-11	-1.505688072e-11
6257.061	13.455	-19.14	9.1451052e-11	1.96310268e-11	-1.96310268e-11
6294.555	23.601	-24.038	5.8902116e-11	1.303940568e-11	-1.303940568e-11
6335.521	15.229	-17.366	8.6442664e-11	1.899879352e-11	-1.899879352e-11
6368.594	14.752	-17.843	8.6692172e-11	1.897189056e-11	-1.897189056e-11
6402.145	16.303	-18.799	7.740138e-11	1.743801416e-11	-1.743801416e-11
6442.505	21.075	-24.057	6.01997536e-11	1.350150704e-11	-1.350150704e-11
6493.175	33.070	-29.595	6.8836964e-11	1.224900824e-11	-1.224900824e-11
10910.336	18.309	-16.794	6.34241888e-11	1.422674624e-11	-1.422674624e-11
10946.317	19.938	-17.671	5.89836128e-11	1.329347656e-11	-1.329347656e-11
11002.084	46.912	-35.829	2.671559184e-11	6.06904984e-12	-6.06904984e-12
11078.056	28.609	-29.06	4.13765016e-11	9.04261288e-12	-9.04261288e-12
11131.668	27.651	-25.003	4.43258704e-11	9.7749904e-12	-9.7749904e-12
11187.646	16.805	-28.327	4.9150332e-11	1.10772928e-11	-1.10772928e-11
11233.654	20.943	-29.203	4.41591136e-11	9.90538136e-12	-9.90538136e-12
11278.281	21.448	-23.684	4.89836144e-11	1.105721064e-11	-1.105721064e-11
11329.970	19.905	-30.241	5.1058588e-11	1.070490456e-11	-1.070490456e-11
11371.680	30.849	-21.805	4.1969088e-11	9.44387584e-12	-9.44387584e-12
11430.596	24.586	-28.068	4.20760256e-11	9.5130168e-12	-9.5130168e-12
11479.870	25.459	-24.687	4.4553152e-11	1.00571128e-11	-1.00571128e-11
11528.184	24.783	-22.856	4.92205392e-11	1.078920024e-11	-1.078920024e-11
11571.167	21.917	-18.2	5.86096448e-11	1.284729824e-11	-1.284729824e-11
11623.104	20.127	-30.02	4.64473352e-11	1.024283456e-11	-1.024283456e-11
11663.929	26.935	-20.698	7.7721056e-11	1.358118496e-11	-1.358118496e-11
16689.213	30.974	-34.216	2.592956128e-11	5.81635488e-12	-5.81635488e-12
16759.783	43.146	-39.596	2.04344112e-11	4.6031188e-12	-4.6031188e-12
16850.177	40.508	-47.248	1.926907752e-11	4.33602176e-12	-4.33602176e-12
16949.071	51.936	-58.386	1.590656816e-11	3.571824032e-12	-3.571824032e-12
17043.544	50.234	-42.537	1.942946824e-11	4.26116936e-12	-4.26116936e-12
17137.294	36.718	-43.517	2.326363592e-11	4.96931344e-12	-4.96931344e-12
17221.330	35.423	-47.318	2.145671976e-11	4.7200132e-12	-4.7200132e-12
17326.005	66.138	-69.251	2.331304752e-11	3.86335012e-12	-3.86335012e-12
56511.724	121.276	-214.702	2.813291096e-12	6.55415768e-13	-6.55415768e-13
57626.452	223.382	-280.588	1.56420544e-12	4.08001832e-13	-4.08001832e-13
58065.007	193.514	-215.173	2.195671576e-12	5.3708116e-13	-5.3708116e-13
62520.465	258.847	-267.691	1.503883304e-12	3.915258368e-13	-3.915258368e-13
63239.747	592.626	-460.435	1.297745792e-12	2.581895064e-13	-2.581895064e-13
68636.962	534.461	-474.569	1.4257236e-12	3.240785128e-13	-3.240785128e-13
74481.289	329.756	-409.897	1.271656232e-12	3.05416412e-13	-3.05416412e-13
90036.768	1936.234	-8792.926	7.17960544e-13	1.914272416e-13	-1.914272416e-13
97458.186	272.858	-466.796	1.204596792e-12	3.085172104e-13	-3.085172104e-13
106122.617	3010.595	-3371.792	1.09269412e-12	2.102915752e-13	-2.102915752e-13
117563.964	8187.462	-3353.139	7.1277164e-13	1.464729952e-13	-1.464729952e-13
132570.149	408.898	-1498.956	8.32731088e-13	1.911666008e-13	-1.911666008e-13
166851.456	11459.300	-7590.036	3.52446612e-13	8.1465244e-14	-8.1465244e-14
191526.322	19630.315	-8984.67	2.34273704e-13	5.15392192e-14	-5.15392192e-14
339256.882	21934.746	-18057.484	1.9787474e-13	5.35292856e-14	-5.35292856e-14
573686.342	196284.894	-138409.498	2.602737704e-14	1.058474088e-14	-8.71993024e-15
