118.242	39.949	-30.256	2.14810844e-11	4.84648855e-12	-4.84648855e-12
198.729	54.741	-40.537	1.569484045e-11	3.541017e-12	-3.541017e-12
300.431	48.317	-46.961	1.55459631e-11	3.5004351e-12	-3.5004351e-12
436.908	64.787	-88.16	9.72741175e-12	2.179429935e-12	-2.179429935e-12
576.850	90.327	-75.156	5.44424915e-12	1.22479484e-12	-1.22479484e-12
726.768	48.224	-59.591	7.7660102e-12	1.74004829e-12	-1.74004829e-12
840.936	49.393	-65.944	7.27857515e-12	1.634142395e-12	-1.634142395e-12
964.436	93.884	-74.107	4.98497755e-12	1.11693154e-12	-1.11693154e-12
1147.564	118.864	-89.244	2.99606781e-12	7.78826425e-13	-7.78826425e-13
1432.637	184.806	-166.21	2.475284515e-12	5.4859533e-13	-5.4859533e-13
7581.195	4931.382	-2703.401	6.31748695e-13	1.096179295e-13	-1.096179295e-13
60352.129	61539.819	-31055.201	5.7032343e-14	1.526587965e-14	-1.526587965e-14
149530.179 383.617 -383.617 4.074605e-13 0 0
